mdx/test/fixtures/CPEX_Hskping_DC8_20170525_R0.ict
75, 1001
Project Office
NSRC - National Suborbital Research Center
N817NA Housekeeping
CPEX
1,1
2017,05,25,2018,06,01
1
Start_UTC, seconds (from midnight UTC)
35
1,1,1,1,1,1,1,1,1,1,1,1,1,1,1,1,1,1,1,1,1,1,1,1,1,1,1,1,1,1,1,1,1,1,1
-9999,-9999,-9999,-9999,-9999,-9999,-9999,-9999,-9999,-9999,-9999,-9999,-9999,-9999,-9999,-9999,-9999,-9999,-9999,-9999,-9999,-9999,-9999,-9999,-9999,-9999,-9999,-9999,-9999,-9999,-9999,-9999,-9999,-9999,-9999
Day_Of_Year, day beginning January 1
Latitude, deg
Longitude, deg
MSL_GPS_Altitude, m (height above mean sea level)
HAE_GPS_Altitude, m (height above ellipsoid WGS84)
Pressure_Altitude, ft
Radar_Altitude, ft
Ground_Speed, m/s
True_Air_Speed, kts
Indicated_Air_Speed, kts
Mach_Number, mach
Vertical_Speed, m/s
True_Heading, deg (0-360, cw from +y)
Track_Angle, deg (0-360, cw from +y)
Drift_Angle, deg (+-180, cw from +y)
Pitch_Angle, deg (+-180, up+)
Roll_Angle, deg (+-180, rt+)
Static_Air_Temp, Celcius
Potential_Temp, Kelvin
Dew_Point, Celcius
Total_Air_Temp, Celcius
IR_Surf_Temp, Celcius
Static_Pressure, mb
Cabin_Pressure, mb 
Wind_Speed, m/s (limited to where Roll_Angle <= 5 degrees)
Wind_Direction, deg (0-360, cw from +y)
Solar_Zenith_Angle, deg
Aircraft_Sun_Elevation, deg
Sun_Azimuth, deg
Aircraft_Sun_Azimuth, deg
Mixing_Ratio, g/kg
Part_Press_Water_Vapor, mb
Sat_Vapor_Press_H2O, mb
Sat_Vapor_Press_Ice, mb
Relative_Humidity, percent (with respect to water)
0
26
PI_CONTACT_INFO: Melissa Yang Martin, m.yang@baeri.org 
Platform: NASA DC-8 N817NA
LOCATION: Included in data records
ASSOCIATED_DATA: This data represents CPEX-2017 Transit from Palmdale, CA to Fort Lauderdale, FL. Visit https://cpex.jpl.nasa.gov/ for more information.
INSTRUMENT_INFO: 
	Position, attitude, and ground speed from UNS-1Fw EGI
	Wind_Speed and Wind_Direction calculated from UNS-1Fw EGI, Aircraft Data System-85
	Radar_Altitude from APN-232
	Total_Air_Temperature from Rosemount 102 type non-deiced
	IR_Surface_Temp from KT-19.85
        Cabin_Pressure from MKS Baratron 220D
	Dew_Point and calculated water vapor parameters from Edgetech Vigilant Hygrometer model 137
        Pressure_Altitude, Indicated_Air_Speed, True_Air_Speed, Mach_Number, Vertical Speed, and Static_Pressure from Aircraft Data System-85,
DATA_INFO: https://airbornescience.nasa.gov/sites/default/files/DC8_Experimenter_Handbook_Jan2011v2.pdf
UNCERTAINTY:None,5m,5m,N/A,5m,20ft increasing to 138ft with altitude,2 ft +-2%,0.015 m/s,4kts,5kts at 50 kts; 2kts at 100kts; 2.8 kts at 300kts,0.01 mach,greater of 0.152 m/s or 5%,0.02 deg,0.02 deg,0.02 deg,0.02 deg,0.02 deg,0.5 deg C,N/A,0.2 deg C,0.3 deg C,0.5 deg C + 0.7%*(TargetTemp-HousingTemp),N/A,0.15%,1 m/s given constraints,0.5 deg,N/A,N/A,N/A,N/A,N/A,N/A,N/A,N/A,N/A
ULOD_FLAG:-7777
ULOD_VALUE:N/A,90,180,N/A,N/A,57343,65000,N/A,600,510,0.99,104.04,360,360,180,180,180,60,N/A,90,99,200,N/A,1333.22,N/A,360,N/A,N/A,N/A,N/A,N/A,N/A,N/A,N/A,N/A
LLOD_FLAG:-8888
LLOD_VALUE:N/A,-90,-180,N/A,N/A,-1871,0,0,0,0,0,-104.04,0,0,-180,-180,-180,-99,N/A,-50,-60,-50,N/A,0.66,0,0,N/A,N/A,N/A,N/A,N/A,N/A,N/A,N/A,N/A
DM_CONTACT_INFO: Ryan Bennett, r.bennett@baeri.org
PROJECT_INFO: N/A
STIPULATIONS_ON_USE: Contact PI or DM with questions before use
OTHER_COMMENTS: HAE_GPS_Altitude flagged missing through Start_UTC 67192, Dew_Point and moisture variables flagged missing due to leaking hygrometer sensor-head.
REVISION: R0
R0: Public data release with QA/QC and limits of detection applied.
Start_UTC,Day_Of_Year,Latitude,Longitude,MSL_GPS_Altitude,HAE_GPS_Altitude,Pressure_Altitude,Radar_Altitude,Ground_Speed,True_Air_Speed,Indicated_Air_Speed,Mach_Number,Vertical_Speed,True_Heading,Track_Angle,Drift_Angle,Pitch_Angle,Roll_Angle,Static_Air_Temp,Potential_Temp,Dew_Point,Total_Air_Temp,IR_Surf_Temp,Static_Pressure,Cabin_Pressure,Wind_Speed,Wind_Direction,Solar_Zenith_Angle,Aircraft_Sun_Elevation,Sun_Azimuth,Aircraft_Sun_Azimuth,Mixing_Ratio,Part_Press_Water_Vapor,Sat_Vapor_Press_H2O,Sat_Vapor_Press_Ice,Relative_Humidity
[from data line 1394]
60350,145,34.8331833,-115.2996254,8114,-9999,25844,24384,254.3,454.2,309.2,0.75,3.6,97.8,95.4,-2.4,1.5,-0.2,-31.5,323.0,-9999,-4.3,34.7,362.36,870.55,22.9,250.7,40.3,48.4,98.2,0.7,-9999,-9999,0.45,0.33,-9999
60351,145,34.8328400,-115.2968788,8118,-9999,25857,24417,254.5,454.4,309.2,0.75,3.6,97.8,95.4,-2.4,1.5,-0.1,-31.5,323.1,-9999,-4.3,34.7,362.16,870.29,23.0,250.7,40.3,48.4,98.2,0.7,-9999,-9999,0.45,0.33,-9999
60352,145,34.8326683,-115.2941322,8121,-9999,25869,24443,254.6,454.6,309.3,0.75,3.7,97.8,95.4,-2.4,1.5,-0.1,-31.6,323.0,-9999,-4.4,34.7,361.96,870.17,23.0,250.7,40.3,48.4,98.2,0.7,-9999,-9999,0.44,0.32,-9999
60353,145,34.8324966,-115.2913857,8126,-9999,25881,24452,254.7,454.8,309.4,0.75,3.7,97.8,95.4,-2.4,1.5,-0.1,-31.7,323.0,-9999,-4.4,34.8,361.77,870.04,23.1,250.6,40.3,48.3,98.2,0.7,-9999,-9999,0.44,0.32,-9999
60354,145,34.8323250,-115.2884674,8130,-9999,25895,24468,254.8,454.8,309.3,0.75,3.8,97.8,95.4,-2.4,1.6,-0.1,-31.7,323.0,-9999,-4.4,34.8,361.55,870.04,23.1,250.6,40.3,48.3,98.2,0.7,-9999,-9999,0.44,0.32,-9999
60355,145,34.8319817,-115.2857208,8135,-9999,25910,24481,254.8,454.9,309.3,0.75,4.1,97.8,95.4,-2.4,1.7,-0.1,-31.8,323.0,-9999,-4.5,34.9,361.31,870.80,23.1,250.5,40.3,48.2,98.2,0.8,-9999,-9999,0.44,0.32,-9999
60356,145,34.8318100,-115.2829742,8140,-9999,25923,24518,254.8,455.0,309.3,0.75,4.1,97.8,95.4,-2.4,1.7,-0.2,-31.8,323.0,-9999,-4.5,34.9,361.11,869.92,23.1,250.5,40.3,48.2,98.2,0.9,-9999,-9999,0.44,0.32,-9999
60357,145,34.8316383,-115.2802277,8145,-9999,25938,24523,254.9,454.8,309.0,0.75,4.3,97.8,95.4,-2.4,1.7,-0.2,-31.8,323.0,-9999,-4.6,34.9,360.87,870.55,23.3,250.6,40.3,48.3,98.3,0.8,-9999,-9999,0.43,0.32,-9999
60358,145,34.8314667,-115.2774811,8150,-9999,25953,24566,254.9,454.8,308.9,0.75,4.4,97.7,95.4,-2.4,1.7,-0.1,-31.8,323.0,-9999,-4.6,34.8,360.63,869.92,23.2,251.3,40.3,48.3,98.3,0.7,-9999,-9999,0.43,0.32,-9999
60359,145,34.8311234,-115.2747345,8154,-9999,25970,24554,255.0,454.9,309.0,0.75,4.6,97.7,95.4,-2.3,1.6,-0.1,-31.9,323.1,-9999,-4.6,34.7,360.36,870.04,23.1,251.7,40.3,48.3,98.3,0.9,-9999,-9999,0.43,0.32,-9999
60360,145,34.8309517,-115.2718163,8159,-9999,25986,24591,255.0,455.1,309.1,0.75,4.7,97.7,95.4,-2.3,1.6,-0.2,-31.9,323.1,-9999,-4.6,34.6,360.11,870.42,23.1,251.5,40.3,48.3,98.3,1.0,-9999,-9999,0.43,0.32,-9999
60361,145,34.8307800,-115.2690697,8164,-9999,26002,24620,255.1,455.2,309.1,0.75,4.8,97.7,95.4,-2.3,1.7,-0.2,-32.0,323.0,-9999,-4.7,34.5,359.85,869.92,23.1,251.5,40.3,48.2,98.3,0.8,-9999,-9999,0.43,0.31,-9999
60362,145,34.8304367,-115.2663231,8170,-9999,26018,24615,255.1,455.3,309.1,0.75,4.9,97.7,95.4,-2.3,1.7,0.0,-32.0,323.1,-9999,-4.7,34.2,359.60,869.79,23.0,251.4,40.3,48.2,98.3,0.7,-9999,-9999,0.43,0.31,-9999
60363,145,34.8302650,-115.2635765,8175,-9999,26034,24659,255.2,455.2,309.0,0.75,4.9,97.7,95.4,-2.3,1.8,0.0,-32.1,323.0,-9999,-4.8,34.1,359.35,870.17,23.1,251.6,40.3,48.1,98.3,0.8,-9999,-9999,0.42,0.31,-9999
60364,145,34.8300934,-115.2608299,8180,-9999,26053,24688,255.2,455.3,308.9,0.75,5.0,97.7,95.4,-2.3,1.8,0.0,-32.1,323.1,-9999,-4.8,33.9,359.05,870.29,23.1,251.5,40.3,48.1,98.3,0.8,-9999,-9999,0.42,0.31,-9999
60365,145,34.8299217,-115.2580833,8186,-9999,26070,24699,255.2,455.3,308.9,0.75,5.2,97.7,95.4,-2.3,1.9,-0.1,-32.1,323.1,-9999,-4.8,33.7,358.78,869.92,23.1,251.7,40.3,48.0,98.3,0.9,-9999,-9999,0.42,0.31,-9999
60366,145,34.8295784,-115.2551651,8192,-9999,26089,24723,255.2,455.3,308.7,0.75,5.4,97.7,95.4,-2.3,1.9,-0.1,-32.2,323.1,-9999,-4.9,33.5,358.48,870.55,23.1,251.6,40.2,48.0,98.3,0.9,-9999,-9999,0.42,0.31,-9999
60367,145,34.8294067,-115.2524185,8198,-9999,26106,24745,255.2,455.1,308.5,0.75,5.4,97.7,95.4,-2.3,1.9,-0.1,-32.2,323.2,-9999,-4.9,33.4,358.21,869.92,23.2,251.7,40.2,48.1,98.3,0.9,-9999,-9999,0.42,0.31,-9999
60368,145,34.8292351,-115.2496719,8203,-9999,26125,24781,255.2,455.1,308.4,0.75,5.4,97.7,95.4,-2.3,1.9,-0.1,-32.3,323.2,-9999,-5.0,33.3,357.91,870.04,23.3,251.8,40.2,48.2,98.3,0.9,-9999,-9999,0.42,0.30,-9999
60369,145,34.8290634,-115.2469254,8209,-9999,26142,24801,255.2,455.1,308.3,0.75,5.4,97.7,95.4,-2.3,1.8,-0.1,-32.4,323.1,-9999,-5.1,33.2,357.64,870.29,23.3,251.8,40.2,48.2,98.3,0.8,-9999,-9999,0.41,0.30,-9999
60370,145,34.8287201,-115.2441788,8214,-9999,26159,24802,255.2,454.9,308.1,0.75,5.4,97.7,95.4,-2.3,1.8,0.0,-32.4,323.2,-9999,-5.1,33.2,357.37,869.54,23.3,251.8,40.2,48.2,98.3,0.7,-9999,-9999,0.41,0.30,-9999
60371,145,34.8285484,-115.2414322,8219,-9999,26176,24826,255.2,454.9,308.1,0.75,5.3,97.7,95.4,-2.3,1.8,0.0,-32.5,323.1,-9999,-5.2,33.2,357.11,870.55,23.4,251.7,40.2,48.2,98.3,0.7,-9999,-9999,0.41,0.30,-9999
60372,145,34.8283768,-115.2385139,8225,-9999,26193,24823,255.4,455.0,308.1,0.75,5.2,97.7,95.4,-2.3,1.9,0.1,-32.5,323.2,-9999,-5.2,33.1,356.84,869.92,23.5,251.7,40.2,48.1,98.3,0.6,-9999,-9999,0.41,0.30,-9999
60373,145,34.8282051,-115.2357674,8230,-9999,26211,24878,255.4,455.1,308.1,0.75,5.2,97.7,95.4,-2.3,1.9,0.2,-32.5,323.2,-9999,-5.2,33.1,356.56,869.54,23.4,251.7,40.2,48.1,98.3,0.6,-9999,-9999,0.41,0.30,-9999
60374,145,34.8278618,-115.2330208,8235,-9999,26228,24903,255.4,455.4,308.2,0.75,5.3,97.7,95.4,-2.3,1.9,0.2,-32.6,323.1,-9999,-5.3,33.1,356.29,870.04,23.3,251.6,40.2,48.1,98.3,0.6,-9999,-9999,0.40,0.29,-9999
60375,145,34.8276901,-115.2302742,8241,-9999,26245,24895,255.4,455.4,308.1,0.75,5.2,97.7,95.4,-2.3,2.0,0.2,-32.6,323.2,-9999,-5.3,33.1,356.02,869.79,23.2,252.0,40.2,48.0,98.3,0.6,-9999,-9999,0.40,0.29,-9999
60376,145,34.8275185,-115.2275276,8246,-9999,26263,24914,255.4,455.6,308.1,0.75,5.3,97.7,95.4,-2.3,2.0,0.2,-32.6,323.2,-9999,-5.3,33.0,355.74,870.29,23.1,251.8,40.2,48.0,98.3,0.7,-9999,-9999,0.40,0.29,-9999
60377,145,34.8271751,-115.2247810,8252,-9999,26283,24932,255.4,455.7,308.2,0.75,5.4,97.7,95.4,-2.3,2.0,0.1,-32.7,323.3,-9999,-5.3,33.0,355.43,869.92,23.1,251.8,40.2,48.0,98.3,0.8,-9999,-9999,0.40,0.29,-9999
60378,145,34.8270035,-115.2218628,8258,-9999,26300,24957,255.2,455.7,308.1,0.75,5.4,97.7,95.5,-2.2,2.0,0.0,-32.8,323.2,-9999,-5.4,33.0,355.16,870.17,22.9,251.7,40.2,48.0,98.3,0.8,-9999,-9999,0.40,0.29,-9999
60379,145,34.8268318,-115.2191162,8264,-9999,26319,24986,255.3,455.8,308.1,0.75,5.4,97.7,95.5,-2.3,2.1,0.0,-32.8,323.3,-9999,-5.4,33.0,354.86,869.79,22.9,251.6,40.2,48.0,98.4,0.7,-9999,-9999,0.40,0.29,-9999
60380,145,34.8266602,-115.2163696,8270,-9999,26336,25029,255.3,455.9,308.1,0.75,5.4,97.7,95.5,-2.3,2.1,0.1,-32.9,323.2,-9999,-5.5,33.0,354.60,869.92,22.9,251.6,40.2,48.0,98.4,0.7,-9999,-9999,0.39,0.28,-9999
60381,145,34.8263168,-115.2136230,8276,-9999,26355,25028,255.2,456.0,308.1,0.76,5.5,97.7,95.5,-2.2,2.1,0.1,-32.9,323.3,-9999,-5.5,33.0,354.30,869.79,22.8,251.7,40.2,48.0,98.4,0.7,-9999,-9999,0.39,0.28,-9999
60382,145,34.8261452,-115.2108765,8282,-9999,26374,25039,255.2,456.0,307.9,0.76,5.7,97.7,95.5,-2.2,2.1,0.1,-33.0,323.2,-9999,-5.6,33.0,354.00,869.41,22.8,251.6,40.2,48.0,98.4,0.7,-9999,-9999,0.39,0.28,-9999
60383,145,34.8259735,-115.2079582,8288,-9999,26394,25072,255.2,455.9,307.8,0.76,5.9,97.7,95.5,-2.3,2.0,0.0,-33.1,323.2,-9999,-5.7,32.9,353.69,869.79,22.9,251.6,40.2,48.0,98.4,0.7,-9999,-9999,0.38,0.28,-9999
60384,145,34.8258018,-115.2052116,8295,-9999,26414,25098,255.2,455.8,307.6,0.75,5.9,97.8,95.5,-2.3,2.0,0.1,-33.1,323.3,-9999,-5.7,32.9,353.38,869.92,22.9,251.3,40.1,48.0,98.4,0.7,-9999,-9999,0.39,0.28,-9999
60385,145,34.8254585,-115.2024651,8301,-9999,26433,25113,255.2,455.8,307.5,0.76,5.9,97.8,95.5,-2.3,2.0,0.1,-33.2,323.2,-9999,-5.8,32.9,353.08,870.17,22.9,251.5,40.1,48.0,98.4,0.7,-9999,-9999,0.38,0.28,-9999
60386,145,34.8252869,-115.1997185,8307,-9999,26453,25135,255.1,455.8,307.4,0.76,5.9,97.8,95.5,-2.3,2.0,0.1,-33.3,323.2,-9999,-5.9,32.9,352.77,869.79,22.8,251.3,40.1,48.0,98.4,0.6,-9999,-9999,0.38,0.27,-9999
60387,145,34.8251152,-115.1969719,8313,-9999,26473,25159,255.1,455.8,307.4,0.76,6.0,97.8,95.5,-2.3,2.0,0.2,-33.3,323.2,-9999,-5.9,32.9,352.46,870.29,22.8,251.4,40.1,48.0,98.4,0.6,-9999,-9999,0.38,0.27,-9999
60388,145,34.8247719,-115.1942253,8319,-9999,26493,25158,255.1,455.8,307.2,0.76,6.0,97.8,95.5,-2.3,2.1,0.1,-33.4,323.2,-9999,-6.0,32.9,352.15,869.92,22.8,251.2,40.1,48.0,98.4,0.6,-9999,-9999,0.37,0.27,-9999
60389,145,34.8246002,-115.1914787,8326,-9999,26513,25180,255.1,455.8,307.2,0.76,6.1,97.8,95.5,-2.3,2.1,0.1,-33.4,323.3,-9999,-6.0,32.8,351.83,869.28,22.8,251.4,40.1,48.0,98.4,0.6,-9999,-9999,0.37,0.27,-9999
60390,145,34.8244286,-115.1885605,8332,-9999,26533,25195,255.0,455.8,307.1,0.76,6.1,97.8,95.5,-2.3,2.1,0.2,-33.5,323.2,-9999,-6.1,32.8,351.52,869.92,22.7,251.5,40.1,48.0,98.4,0.6,-9999,-9999,0.37,0.27,-9999
60391,145,34.8242569,-115.1858139,8339,-9999,26556,25183,255.0,455.8,306.9,0.76,6.2,97.8,95.5,-2.2,2.1,0.1,-33.6,323.2,-9999,-6.2,32.8,351.17,869.92,22.7,251.5,40.1,48.0,98.4,0.8,-9999,-9999,0.37,0.26,-9999
60392,145,34.8239136,-115.1830673,8346,-9999,26578,25219,255.0,455.8,306.8,0.76,6.3,97.8,95.5,-2.2,2.1,0.0,-33.6,323.3,-9999,-6.2,32.8,350.83,869.66,22.7,251.4,40.1,48.0,98.4,0.8,-9999,-9999,0.37,0.26,-9999
60393,145,34.8237419,-115.1803207,8353,-9999,26599,25220,254.9,455.7,306.8,0.76,6.4,97.8,95.5,-2.3,2.1,-0.1,-33.7,323.2,-9999,-6.3,32.9,350.50,870.04,22.7,251.4,40.1,48.1,98.4,0.8,-9999,-9999,0.36,0.26,-9999
60394,145,34.8235703,-115.1775742,8359,-9999,26619,25228,254.9,455.8,306.7,0.76,6.4,97.8,95.5,-2.3,2.0,0.0,-33.8,323.2,-9999,-6.4,32.9,350.19,870.29,22.6,251.4,40.1,48.1,98.4,0.8,-9999,-9999,0.36,0.26,-9999
60395,145,34.8232269,-115.1748276,8366,-9999,26640,25257,254.9,455.8,306.6,0.76,6.3,97.8,95.5,-2.3,2.0,0.0,-33.8,323.3,-9999,-6.4,33.1,349.86,869.92,22.5,251.5,40.1,48.1,98.4,0.8,-9999,-9999,0.36,0.26,-9999
60396,145,34.8230553,-115.1719093,8372,-9999,26661,25282,254.9,455.9,306.7,0.76,6.3,97.8,95.6,-2.2,2.0,0.0,-33.8,323.3,-9999,-6.4,33.2,349.54,870.29,22.4,251.7,40.1,48.1,98.4,0.8,-9999,-9999,0.36,0.26,-9999
60397,145,34.8228836,-115.1691628,8378,-9999,26681,25304,254.9,456.2,306.7,0.76,6.3,97.8,95.6,-2.2,2.0,0.0,-33.9,323.2,-9999,-6.5,33.3,349.23,870.04,22.3,251.8,40.1,48.1,98.4,0.8,-9999,-9999,0.35,0.25,-9999
60398,145,34.8225403,-115.1664162,8385,-9999,26702,25287,254.8,456.2,306.7,0.76,6.3,97.7,95.6,-2.2,2.0,0.0,-33.9,323.3,-9999,-6.5,33.4,348.91,870.04,22.2,251.8,40.1,48.1,98.4,0.9,-9999,-9999,0.35,0.25,-9999
60399,145,34.8223686,-115.1636696,8392,-9999,26722,25296,254.8,456.2,306.6,0.76,6.2,97.7,95.6,-2.2,2.0,0.0,-34.0,323.2,-9999,-6.6,33.4,348.60,870.17,22.1,251.8,40.1,48.1,98.4,0.9,-9999,-9999,0.35,0.25,-9999
60400,145,34.8221970,-115.1609230,8398,-9999,26743,25304,254.8,456.3,306.6,0.76,6.3,97.7,95.6,-2.2,2.0,0.0,-34.0,323.3,-9999,-6.6,33.4,348.27,869.79,22.1,252.0,40.1,48.1,98.5,0.9,-9999,-9999,0.35,0.25,-9999
60401,145,34.8220253,-115.1581764,8405,-9999,26763,25306,254.8,456.5,306.6,0.76,6.3,97.7,95.6,-2.1,2.0,0.0,-34.1,323.4,-9999,-6.6,33.4,347.96,869.92,22.0,252.2,40.1,48.1,98.5,0.9,-9999,-9999,0.35,0.25,-9999
60402,145,34.8216820,-115.1554298,8411,-9999,26784,25303,254.7,456.4,306.4,0.76,6.3,97.6,95.6,-2.1,2.1,0.0,-34.1,323.3,-9999,-6.7,33.3,347.64,869.41,21.8,252.6,40.0,48.1,98.5,1.0,-9999,-9999,0.35,0.25,-9999
60403,145,34.8215103,-115.1525116,8418,-9999,26806,25299,254.7,456.6,306.4,0.76,6.3,97.6,95.6,-2.1,2.1,0.0,-34.2,323.4,-9999,-6.7,33.3,347.30,869.92,21.7,252.8,40.0,48.1,98.5,1.1,-9999,-9999,0.35,0.25,-9999
60404,145,34.8213387,-115.1497650,8424,-9999,26826,25335,254.7,456.6,306.4,0.76,6.4,97.6,95.6,-2.0,2.0,-0.1,-34.2,323.5,-9999,-6.7,33.2,347.00,870.29,21.6,252.9,40.0,48.2,98.5,1.1,-9999,-9999,0.35,0.25,-9999
60405,145,34.8209953,-115.1470184,8431,-9999,26848,25318,254.7,457.1,306.6,0.76,6.3,97.6,95.6,-2.0,2.0,-0.1,-34.1,323.6,-9999,-6.6,33.2,346.66,869.92,21.4,252.8,40.0,48.2,98.5,1.1,-9999,-9999,0.35,0.25,-9999
60406,145,34.8208237,-115.1442719,8437,-9999,26868,25332,254.7,457.4,306.7,0.76,6.2,97.6,95.6,-2.0,2.0,-0.1,-34.1,323.8,-9999,-6.5,33.2,346.35,869.66,21.2,252.7,40.0,48.2,98.5,1.1,-9999,-9999,0.35,0.25,-9999
60407,145,34.8206520,-115.1415253,8444,-9999,26888,25320,254.6,457.4,306.6,0.76,6.2,97.6,95.6,-2.0,2.0,-0.1,-34.1,323.8,-9999,-6.5,33.2,346.04,869.66,21.2,252.4,40.0,48.2,98.5,1.2,-9999,-9999,0.35,0.25,-9999
60408,145,34.8203087,-115.1387787,8450,-9999,26909,25354,254.6,457.6,306.6,0.76,6.3,97.6,95.6,-2.0,2.0,-0.1,-34.2,323.8,-9999,-6.6,33.2,345.72,869.66,21.1,252.2,40.0,48.2,98.5,1.1,-9999,-9999,0.34,0.25,-9999
60409,145,34.8201370,-115.1360321,8457,-9999,26930,25335,254.6,457.6,306.5,0.76,6.3,97.6,95.6,-2.0,2.0,-0.1,-34.2,323.8,-9999,-6.6,33.2,345.40,870.29,21.0,252.1,40.0,48.2,98.5,1.1,-9999,-9999,0.34,0.25,-9999
60410,145,34.8199654,-115.1332855,8463,-9999,26952,25339,254.5,457.8,306.4,0.76,6.3,97.6,95.6,-2.0,2.0,0.0,-34.3,323.8,-9999,-6.7,33.2,345.06,870.17,20.8,252.1,40.0,48.2,98.5,1.1,-9999,-9999,0.34,0.24,-9999
60411,145,34.8197937,-115.1305389,8470,-9999,26974,25356,254.5,457.8,306.3,0.76,6.5,97.6,95.6,-2.0,2.0,-0.1,-34.3,323.9,-9999,-6.7,33.2,344.73,870.42,20.8,252.3,40.0,48.2,98.5,1.2,-9999,-9999,0.34,0.24,-9999
60412,145,34.8194504,-115.1277924,8476,-9999,26994,25351,254.5,458.1,306.4,0.76,6.5,97.6,95.6,-2.0,2.0,-0.1,-34.3,323.9,-9999,-6.7,33.2,344.42,870.29,20.6,252.2,40.0,48.2,98.5,1.3,-9999,-9999,0.34,0.24,-9999
60413,145,34.8192787,-115.1248741,8483,-9999,27015,25364,254.5,458.2,306.3,0.76,6.4,97.5,95.6,-2.0,2.0,-0.1,-34.4,323.9,-9999,-6.8,33.2,344.10,870.29,20.6,252.5,40.0,48.2,98.5,1.3,-9999,-9999,0.34,0.24,-9999
60414,145,34.8191071,-115.1221275,8490,-9999,27038,25369,254.4,458.1,306.2,0.76,6.5,97.5,95.6,-2.0,2.0,-0.2,-34.4,324.0,-9999,-6.8,33.2,343.75,870.17,20.5,252.5,40.0,48.3,98.5,1.4,-9999,-9999,0.34,0.24,-9999
60415,145,34.8187637,-115.1193810,8497,-9999,27060,25348,254.4,458.1,306.1,0.76,6.7,97.5,95.6,-2.0,2.0,-0.2,-34.5,323.9,-9999,-6.9,33.1,343.41,869.79,20.5,252.4,40.0,48.3,98.5,1.4,-9999,-9999,0.33,0.24,-9999
60416,145,34.8185921,-115.1166344,8504,-9999,27081,25398,254.5,458.0,305.9,0.76,6.7,97.5,95.6,-2.0,1.9,-0.2,-34.6,323.9,-9999,-7.0,33.1,343.09,870.04,20.6,252.6,40.0,48.3,98.5,1.3,-9999,-9999,0.33,0.24,-9999
60417,145,34.8184204,-115.1138878,8510,-9999,27103,25367,254.3,457.9,305.8,0.76,6.6,97.5,95.5,-2.0,1.9,-0.1,-34.7,323.9,-9999,-7.1,33.0,342.76,869.92,20.5,252.4,40.0,48.4,98.5,1.3,-9999,-9999,0.33,0.23,-9999
60418,145,34.8182487,-115.1111412,8517,-9999,27126,25384,254.3,457.9,305.6,0.76,6.6,97.5,95.5,-2.0,1.9,-0.1,-34.8,323.8,-9999,-7.2,33.0,342.41,870.04,20.6,252.2,40.0,48.4,98.5,1.3,-9999,-9999,0.33,0.23,-9999
60419,145,34.8179054,-115.1083946,8523,-9999,27146,25374,254.3,457.8,305.5,0.76,6.5,97.5,95.5,-2.0,1.9,-0.1,-34.8,323.9,-9999,-7.2,33.1,342.10,870.04,20.6,252.2,39.9,48.4,98.5,1.3,-9999,-9999,0.33,0.23,-9999
60420,145,34.8177338,-115.1056480,8530,-9999,27167,25408,254.3,457.7,305.3,0.76,6.4,97.5,95.5,-2.0,1.9,-0.1,-34.9,323.9,-9999,-7.3,33.2,341.78,870.42,20.7,252.1,39.9,48.4,98.5,1.3,-9999,-9999,0.32,0.23,-9999
60421,145,34.8175621,-115.1027298,8536,-9999,27188,25419,254.3,457.6,305.2,0.76,6.4,97.6,95.5,-2.0,1.9,-0.1,-35.0,323.8,-9999,-7.4,33.2,341.47,870.17,20.8,251.9,39.9,48.3,98.6,1.2,-9999,-9999,0.32,0.23,-9999
60422,145,34.8172188,-115.0999832,8543,-9999,27209,25399,254.3,457.5,305.0,0.76,6.4,97.6,95.5,-2.0,1.9,-0.1,-35.1,323.8,-9999,-7.5,33.4,341.15,870.29,20.9,251.7,39.9,48.3,98.6,1.1,-9999,-9999,0.32,0.22,-9999
60423,145,34.8170471,-115.0972366,8550,-9999,27232,25422,254.3,457.4,304.9,0.76,6.5,97.6,95.5,-2.1,1.9,0.0,-35.1,323.8,-9999,-7.6,33.5,340.80,870.04,21.0,251.6,39.9,48.4,98.6,1.1,-9999,-9999,0.31,0.22,-9999
60424,145,34.8168755,-115.0944901,8556,-9999,27253,25429,254.3,457.4,304.7,0.76,6.5,97.6,95.5,-2.1,1.9,0.0,-35.2,323.8,-9999,-7.7,33.5,340.48,869.28,21.0,251.6,39.9,48.4,98.6,1.1,-9999,-9999,0.31,0.22,-9999
60425,145,34.8167038,-115.0917435,8563,-9999,27274,25454,254.3,457.2,304.6,0.76,6.5,97.6,95.5,-2.1,1.9,0.0,-35.2,323.9,-9999,-7.7,33.5,340.16,869.66,21.1,251.6,39.9,48.4,98.6,1.2,-9999,-9999,0.31,0.22,-9999
