mdx/test/fixtures/CPEXCV_MetNav_DC8_20220902_R0.ict
76, 1001
Project Office
National Suborbital Research Center [Bay Area Environmental Research Institute @ NASA Ames Research Center]
N817NA Meteorological and Navigation Facility Instrumentation
CPEX-CV
1,1
2022,09,02,2022,09,04
1
Time_Start, seconds (from midnight UTC)
35
1,1,1,1,1,1,1,1,1,1,1,1,1,1,1,1,1,1,1,1,1,1,1,1,1,1,1,1,1,1,1,1,1,1,1
-9999,-9999,-9999,-9999,-9999,-9999,-9999,-9999,-9999,-9999,-9999,-9999,-9999,-9999,-9999,-9999,-9999,-9999,-9999,-9999,-9999,-9999,-9999,-9999,-9999,-9999,-9999,-9999,-9999,-9999,-9999,-9999,-9999,-9999,-9999
Day_Of_Year, day, None, calendar day beginning January 1
Latitude, deg, Platform_Latitude_InSitu_None
Longitude, deg, Platform_Longitude_InSitu_None
MSL_GPS_Altitude, m, Platform_AltitudeMSL_InSitu_None
HAE_GPS_Altitude, m, Platform_AltitudeEllipsoid_InSitu_None, reference WGS-84
Pressure_Altitude, ft, Platform_AltitudePressure_InSitu_None
Radar_Altitude, ft, Platform_AltitudeAGL_InSitu_None
Ground_Speed, m/s, Platform_GroundSpeed_InSitu_None
True_Air_Speed, kts, Platform_AircraftTrueAirSpeed_InSitu_None
Indicated_Air_Speed, kts, Platform_AircraftIndicatedAirSpeed_InSitu_None
Mach_Number, mach, None
Vertical_Speed, m/s, None
True_Heading, deg 0-360, Platform_HeadingTrue_InSitu_None, cw from +y
Track_Angle, deg 0-360, Platform_TrackAngle_InSitu_None, cw from +y
Drift_Angle, deg +-180, Platform_DriftAngle_InSitu_None, cw from +y
Pitch_Angle, deg +-180, Platform_PitchAngle_InSitu_None, up+
Roll_Angle, deg +-180, Platform_RollAngle_InSitu_None, rt+
Static_Air_Temp, degrees Celcius, Met_StaticAirTemperature_InSitu_None
Potential_Temp, Kelvin, Met_PotentialTemperature_InSitu_None
DewFrost_Point, degrees Celcius, Met_DewPoint_InSitu_None
Total_Air_Temp, degrees Celcius, None
IR_Surf_Temp, degrees Celcius, Met_SufaceTemperature_InSitu_None
Static_Pressure, hPa, Met_StaticPressure_InSitu_None
Cabin_Pressure, hPa, None
Wind_Speed, m/s, Met_WindSpeed_InSitu_None, limited to where Roll_Angle does not exceed 5 degrees
Wind_Direction, deg 0-360 cw from +y, Met_WindDirection_InSitu_None, limited to where Roll_Angle does not exceed 5 degrees
Solar_Zenith_Angle, deg, Platform_SolarZenithAngle_InSitu_None
Aircraft_Sun_Elevation, deg, None
Sun_Azimuth, deg, Platform_SolarAzimuthAngle_InSitu_None
Aircraft_Sun_Azimuth, deg, None
Mixing_Ratio, g/kg, Met_H2OMR_InSitu_None
Part_Press_Water_Vapor, hPa, Met_PartialPressureH2O_InSitu_None
Sat_Vapor_Press_H2O, hPa, Met_SatVaporPressureH2OWater_InSitu_None
Sat_Vapor_Press_Ice, hPa, Met_SatVaporPressureH2OIce_InSitu_None
Relative_Humidity, percent, Met_RelativeHumidityWater_InSitu_None
0
27
PI_CONTACT_INFO: NSRC MetNav PI - Ryan Bennett - joseph.r.bennett@nasa.gov & r.bennett@baeri.org.
Platform: NASA DC-8 N817NA
LOCATION: Included in data records
ASSOCIATED_DATA: This flight represents the CPEX-CV transit flight #01 from Palmdale, CA to Dulles, VA.
INSTRUMENT_INFO: 
	Position, attitude, ground speed, and vertical speed from LN251
	Wind_Speed and Wind_Direction calculated from LN251, Aircraft Data System-85
	Radar_Altitude from APN-232
	Total_Air_Temperature from Rosemount 102 type deiced
	IR_Surface_Temp from KT-19.85
    Cabin_Pressure from MKS Baratron 220D
	DewFrost_Point and calculated water vapor parameters from Buck Hygrometer
[...]
ULOD_FLAG:-7777
ULOD_VALUE:366,90,180,N/A,N/A,57343,65000,N/A,600,510,0.99,104.04,360,360,180,180,180,60,N/A,90,99,200,N/A,1333.22,N/A,360,N/A,N/A,N/A,N/A,N/A,N/A,N/A,N/A,N/A
LLOD_FLAG:-8888
LLOD_VALUE:0,-90,-180,N/A,N/A,-1871,0,0,0,0,0,-104.04,0,0,-180,-180,-180,-99,N/A,-60,-60,-50,N/A,0.66,0,0,N/A,N/A,N/A,N/A,N/A,N/A,N/A,N/A,N/A
DM_CONTACT_INFO: Ryan Bennett - joseph.r.bennett@nasa.gov & r.bennett@baeri.org.
PROJECT_INFO: N/A
STIPULATIONS_ON_USE: Please first contact the PI/data manager with questions before use.
OTHER_COMMENTS: Wind Speed and Wind Direction flagged where Roll_Angle exceeds 5 degrees. 
REVISION: R0
R0: Preliminary public release data; will submit another update using experimenter TAT and pressure.
RA: Preliminary field data with limits of detection applied; Obvious hygrometer malfunctions flagged within this preliminary set. 
Time_Start,Day_Of_Year,Latitude,Longitude,MSL_GPS_Altitude,HAE_GPS_Altitude,Pressure_Altitude,Radar_Altitude,Ground_Speed,True_Air_Speed,Indicated_Air_Speed,Mach_Number,Vertical_Speed,True_Heading,Track_Angle,Drift_Angle,Pitch_Angle,Roll_Angle,Static_Air_Temp,Potential_Temp,DewFrost_Point,Total_Air_Temp,IR_Surf_Temp,Static_Pressure,Cabin_Pressure,Wind_Speed,Wind_Direction,Solar_Zenith_Angle,Aircraft_Sun_Elevation,Sun_Azimuth,Aircraft_Sun_Azimuth,Mixing_Ratio,Part_Press_Water_Vapor,Sat_Vapor_Press_H2O,Sat_Vapor_Press_Ice,Relative_Humidity
[from data line 10167]
67914,245,38.8547531,-90.7660646,12464,12428.5,38996,40066.5,264.85,483.56,257.81,0.831,0.2,88.76,87.79,-1.0,0.74,-0.90,-50.25,354.8,-8888,-19.5,-19.5,196.81,786.7,16.7,253.2,33.0,56.5,-157.7,112.4,-9999,-9999,0.06,0.04,-9999
67915,245,38.8548457,-90.7630216,12464,12428.7,38996,40112.5,264.86,483.94,258.06,0.832,0.3,88.74,87.76,-1.0,0.77,-0.92,-50.50,354.4,-8888,-19.5,-19.7,196.81,786.8,16.5,252.7,33.0,56.5,-157.7,112.4,-9999,-9999,0.06,0.04,-9999
67916,245,38.8549397,-90.7599787,12465,12429.1,38996,40184.5,264.85,484.38,258.44,0.833,0.4,88.76,87.72,-1.0,0.79,-0.87,-50.50,354.4,-8888,-19.5,-19.6,196.81,786.7,16.3,251.7,33.0,56.6,-157.7,112.4,-9999,-9999,0.06,0.04,-9999
67917,245,38.8550350,-90.7569360,12466,12429.5,38996,40105.0,264.84,484.75,258.69,0.834,0.5,88.76,87.69,-1.1,0.80,-0.70,-50.50,354.4,-8888,-19.5,-19.3,196.81,786.5,16.2,251.1,33.0,56.7,-157.7,112.5,-9999,-9999,0.06,0.04,-9999
67918,245,38.8551313,-90.7538935,12466,12430.1,38997,40136.5,264.82,485.31,259.06,0.835,0.6,88.75,87.67,-1.1,0.81,-0.59,-50.50,354.4,-8888,-19.5,-19.6,196.80,786.6,15.9,250.5,33.0,56.8,-157.7,112.6,-9999,-9999,0.06,0.04,-9999
67919,245,38.8552281,-90.7508512,12466,12430.7,38999,40235.0,264.80,485.62,259.31,0.836,0.6,88.76,87.66,-1.1,0.82,-0.57,-50.75,354.0,-8888,-19.5,-20.0,196.78,786.5,15.8,250.0,33.0,56.9,-157.7,112.6,-9999,-9999,0.06,0.04,-9999
67920,245,38.8553257,-90.7478093,12467,12431.3,39001,40162.5,264.76,485.88,259.44,0.836,0.6,88.77,87.64,-1.1,0.83,-0.49,-50.75,354.1,-8888,-19.5,-20.4,196.76,786.6,15.6,249.4,33.0,56.9,-157.6,112.6,-9999,-9999,0.06,0.04,-9999
67921,245,38.8554239,-90.7447679,12467,12431.9,39003,40165.0,264.73,486.00,259.50,0.836,0.6,88.77,87.63,-1.1,0.85,-0.37,-50.75,354.1,-8888,-19.5,-20.6,196.74,786.9,15.6,249.0,33.0,57.0,-157.6,112.7,-9999,-9999,0.06,0.04,-9999
67922,245,38.8555225,-90.7417269,12467,12432.5,39006,40199.5,264.69,486.12,259.56,0.837,0.6,88.77,87.62,-1.1,0.84,-0.33,-50.75,354.1,-8888,-19.5,-20.8,196.72,786.6,15.5,248.8,33.0,57.1,-157.6,112.7,-9999,-9999,0.06,0.04,-9999
67923,245,38.8556213,-90.7386863,12468,12433.1,39009,40171.5,264.65,486.31,259.62,0.837,0.6,88.77,87.62,-1.2,0.84,-0.38,-50.75,354.1,-8888,-19.5,-20.4,196.69,786.7,15.4,248.5,33.0,57.0,-157.6,112.7,-9999,-9999,0.06,0.04,-9999
67924,245,38.8557204,-90.7356462,12469,12433.7,39012,40218.0,264.61,486.12,259.50,0.837,0.6,88.77,87.61,-1.2,0.85,-0.42,-50.75,354.1,-8888,-19.5,-19.9,196.66,786.6,15.4,248.4,33.0,57.0,-157.6,112.7,-9999,-9999,0.06,0.04,-9999
67925,245,38.8558200,-90.7326065,12469,12434.3,39014,40265.0,264.58,486.12,259.50,0.837,0.6,88.77,87.60,-1.2,0.83,-0.40,-50.75,354.1,-8888,-19.5,-20.0,196.64,786.7,15.4,248.2,33.0,57.0,-157.6,112.7,-9999,-9999,0.06,0.04,-9999
67926,245,38.8559201,-90.7295673,12470,12434.9,39016,40228.0,264.54,486.06,259.44,0.836,0.5,88.76,87.59,-1.2,0.82,-0.38,-50.75,354.1,-8888,-19.5,-20.0,196.62,786.6,15.4,248.2,33.0,57.0,-157.6,112.8,-9999,-9999,0.06,0.04,-9999
67927,245,38.8560203,-90.7265284,12470,12435.4,39018,40195.0,264.51,486.25,259.50,0.837,0.5,88.77,87.58,-1.2,0.80,-0.36,-50.75,354.1,-8888,-19.5,-20.2,196.60,786.9,15.3,247.9,33.0,57.0,-157.6,112.8,-9999,-9999,0.06,0.04,-9999
67928,245,38.8561206,-90.7234898,12471,12435.8,39021,40248.0,264.48,486.19,259.50,0.837,0.4,88.85,87.58,-1.3,0.80,-0.30,-50.75,354.1,-8888,-19.5,-20.1,196.57,786.6,15.5,246.5,33.0,57.1,-157.5,112.8,-9999,-9999,0.06,0.04,-9999
67929,245,38.8562209,-90.7204517,12471,12436.3,39022,40241.5,264.45,486.06,259.31,0.836,0.4,88.90,87.58,-1.3,0.79,0.07,-50.75,354.2,-8888,-19.5,-19.6,196.56,786.6,15.6,245.9,33.0,57.3,-157.5,112.9,-9999,-9999,0.06,0.04,-9999
67930,245,38.8563209,-90.7174138,12472,12436.7,39023,40231.0,264.43,486.12,259.44,0.836,0.4,88.90,87.60,-1.3,0.74,0.08,-50.75,354.2,-8888,-19.5,-19.2,196.55,786.7,15.5,246.1,33.0,57.4,-157.5,113.1,-9999,-9999,0.06,0.04,-9999
67931,245,38.8564201,-90.7143762,12473,12437.1,39025,40231.5,264.40,486.25,259.44,0.837,0.4,88.89,87.61,-1.3,0.74,0.04,-50.75,354.2,-8888,-19.5,-19.4,196.54,786.6,15.4,246.3,33.0,57.4,-157.5,113.1,-9999,-9999,0.06,0.04,-9999
67932,245,38.8565187,-90.7113388,12473,12437.5,39027,40264.5,264.38,486.38,259.56,0.837,0.4,88.88,87.62,-1.3,0.73,0.07,-50.75,354.2,-8888,-19.5,-19.6,196.52,786.7,15.3,246.5,33.0,57.3,-157.5,113.0,-9999,-9999,0.06,0.04,-9999
67933,245,38.8566173,-90.7083016,12473,12437.9,39027,40233.5,264.36,486.69,259.75,0.838,0.4,88.86,87.63,-1.2,0.72,-0.16,-50.75,354.2,-8888,-19.5,-19.7,196.52,786.8,15.0,246.6,33.0,57.2,-157.5,113.0,-9999,-9999,0.06,0.04,-9999
67934,245,38.8567158,-90.7052647,12474,12438.4,39028,40249.0,264.34,486.88,259.88,0.838,0.4,88.83,87.63,-1.2,0.70,-0.26,-50.75,354.2,-8888,-19.5,-19.7,196.51,786.6,14.9,246.9,33.0,57.1,-157.5,113.0,-9999,-9999,0.06,0.04,-9999
67935,245,38.8568145,-90.7022281,12474,12438.8,39029,40225.5,264.31,486.94,259.94,0.838,0.4,88.81,87.62,-1.2,0.70,-0.39,-50.75,354.2,-8888,-19.5,-19.6,196.50,786.6,14.8,247.0,33.0,57.0,-157.5,113.0,-9999,-9999,0.06,0.04,-9999
67936,245,38.8569134,-90.6991917,12475,12439.2,39031,40278.0,264.30,486.75,259.81,0.838,0.4,88.78,87.61,-1.2,0.71,-0.50,-50.75,354.2,-8888,-19.5,-19.5,196.48,786.9,14.9,247.4,33.0,56.8,-157.4,113.0,-9999,-9999,0.06,0.04,-9999
67937,245,38.8570129,-90.6961556,12475,12439.5,39033,40322.5,264.28,486.25,259.50,0.837,0.3,88.77,87.59,-1.2,0.70,-0.64,-50.75,354.2,-8888,-19.8,-19.2,196.46,786.9,15.1,247.7,33.0,56.7,-157.4,112.9,-9999,-9999,0.06,0.04,-9999
67938,245,38.8571131,-90.6931196,12475,12439.8,39035,40222.5,264.27,485.94,259.31,0.836,0.2,88.77,87.57,-1.2,0.69,-0.69,-50.75,354.2,-8888,-19.8,-18.9,196.44,786.6,15.3,247.6,33.0,56.7,-157.4,112.9,-9999,-9999,0.06,0.04,-9999
67939,245,38.8572143,-90.6900837,12475,12439.9,39037,40283.0,264.27,485.94,259.31,0.836,0.1,88.74,87.55,-1.2,0.67,-0.65,-50.75,354.2,-8888,-19.8,-18.4,196.42,786.9,15.2,247.7,33.0,56.7,-157.4,113.0,-9999,-9999,0.06,0.04,-9999
67940,245,38.8573163,-90.6870479,12476,12439.9,39037,40245.0,264.26,485.75,259.25,0.836,0.0,88.57,87.53,-1.0,0.66,-0.65,-51.00,353.8,-8888,-19.8,-18.2,196.42,786.9,15.1,250.0,33.0,56.7,-157.4,113.2,-9999,-9999,0.06,0.04,-9999
67941,245,38.8574194,-90.6840121,12475,12439.9,39034,40244.5,264.27,485.50,259.06,0.836,0.0,88.40,87.50,-0.9,0.67,-0.98,-51.00,353.8,-8888,-20.0,-18.2,196.45,786.8,15.1,252.3,33.0,56.4,-157.4,113.2,-9999,-9999,0.06,0.04,-9999
67942,245,38.8575239,-90.6809764,12475,12439.9,39031,40218.0,264.26,485.31,259.00,0.836,-0.1,88.34,87.45,-0.9,0.66,-1.10,-51.00,353.8,-8888,-20.0,-18.6,196.48,786.8,15.1,252.7,33.0,56.3,-157.4,113.2,-9999,-9999,0.06,0.04,-9999
67943,245,38.8576306,-90.6779408,12475,12439.8,39031,40239.5,264.27,485.38,259.06,0.836,-0.1,88.29,87.41,-0.9,0.61,-0.88,-51.00,353.8,-8888,-20.0,-18.9,196.48,786.9,15.1,252.7,33.0,56.4,-157.4,113.4,-9999,-9999,0.06,0.04,-9999
67944,245,38.8577388,-90.6749053,12475,12439.6,39030,40191.5,264.27,485.50,259.19,0.836,-0.2,88.25,87.37,-0.9,0.61,-0.73,-51.00,353.8,-8888,-20.0,-19.1,196.49,786.9,15.0,252.7,33.0,56.6,-157.3,113.6,-9999,-9999,0.06,0.04,-9999
67945,245,38.8578480,-90.6718697,12475,12439.4,39029,40151.0,264.27,485.62,259.25,0.836,-0.2,88.22,87.35,-0.9,0.62,-0.60,-51.00,353.8,-8888,-20.0,-19.1,196.50,787.0,15.0,252.6,33.0,56.7,-157.3,113.7,-9999,-9999,0.06,0.04,-9999
67946,245,38.8579583,-90.6688342,12475,12439.2,39029,40337.0,264.27,485.44,259.19,0.836,-0.2,88.23,87.33,-0.9,0.62,-0.48,-51.00,353.8,-8888,-20.0,-19.1,196.50,787.3,15.1,252.3,33.0,56.8,-157.3,113.8,-9999,-9999,0.06,0.04,-9999
67947,245,38.8580695,-90.6657988,12475,12439.1,39029,40304.5,264.27,485.56,259.19,0.836,-0.2,88.23,87.31,-0.9,0.63,-0.35,-51.00,353.8,-8888,-20.0,-19.0,196.50,787.1,15.1,251.8,33.0,56.9,-157.3,113.9,-9999,-9999,0.06,0.04,-9999
67948,245,38.8581814,-90.6627634,12475,12438.9,39030,40271.0,264.27,485.75,259.31,0.837,-0.1,88.22,87.30,-0.9,0.63,-0.15,-51.00,353.8,-8888,-20.0,-18.6,196.49,786.8,15.0,251.6,33.0,57.1,-157.3,114.0,-9999,-9999,0.06,0.04,-9999
67949,245,38.8582934,-90.6597281,12475,12438.8,39029,40170.5,264.27,485.50,259.19,0.836,-0.1,88.23,87.30,-0.9,0.65,0.08,-51.00,353.8,-8888,-20.0,-18.6,196.50,786.8,15.1,251.6,33.1,57.2,-157.3,114.0,-9999,-9999,0.06,0.04,-9999
67950,245,38.8584055,-90.6566928,12474,12438.8,39029,40298.0,264.27,485.50,259.12,0.836,0.0,88.25,87.30,-1.0,0.66,-0.10,-51.00,353.8,-8888,-20.0,-18.9,196.50,787.0,15.1,251.3,33.1,57.2,-157.3,114.0,-9999,-9999,0.06,0.04,-9999
67951,245,38.8585176,-90.6536575,12474,12438.9,39029,40286.5,264.26,485.44,259.06,0.836,0.1,88.26,87.29,-1.0,0.65,0.02,-51.00,353.8,-8888,-19.8,-19.0,196.50,786.9,15.2,251.2,33.1,57.2,-157.3,114.0,-9999,-9999,0.06,0.04,-9999
67952,245,38.8586298,-90.6506222,12475,12439.1,39030,40283.0,264.27,485.38,259.00,0.836,0.2,88.27,87.30,-1.0,0.64,0.10,-50.75,354.2,-8888,-19.8,-19.0,196.49,786.9,15.2,251.2,33.1,57.3,-157.2,114.1,-9999,-9999,0.06,0.04,-9999
67953,245,38.8587416,-90.6475869,12475,12439.2,39031,40270.5,264.27,485.44,259.00,0.836,0.2,88.27,87.31,-1.0,0.63,0.20,-50.75,354.2,-8888,-19.8,-18.9,196.48,787.0,15.2,251.2,33.1,57.4,-157.2,114.2,-9999,-9999,0.06,0.04,-9999
67954,245,38.8588528,-90.6445515,12475,12439.4,39032,40250.5,264.27,485.62,259.12,0.836,0.2,88.28,87.32,-1.0,0.62,0.26,-50.75,354.2,-8888,-19.8,-18.9,196.47,787.2,15.1,251.3,33.1,57.5,-157.2,114.3,-9999,-9999,0.06,0.04,-9999
67955,245,38.8589635,-90.6415160,12475,12439.6,39033,40283.5,264.28,485.62,259.12,0.836,0.2,88.30,87.34,-1.0,0.63,0.31,-50.75,354.2,-8888,-19.8,-18.9,196.46,786.9,15.1,251.3,33.1,57.5,-157.2,114.3,-9999,-9999,0.06,0.04,-9999
67956,245,38.8590735,-90.6384806,12475,12439.7,39035,40281.5,264.28,485.69,259.25,0.836,0.1,88.30,87.35,-0.9,0.62,0.36,-50.75,354.2,-8888,-19.8,-18.9,196.44,786.8,15.0,251.4,33.1,57.6,-157.2,114.3,-9999,-9999,0.06,0.04,-9999
67957,245,38.8591828,-90.6354450,12475,12439.8,39035,40249.0,264.29,485.44,259.00,0.836,0.0,88.30,87.37,-0.9,0.60,0.38,-50.75,354.2,-8888,-19.8,-18.7,196.44,787.1,15.1,251.9,33.1,57.6,-157.2,114.4,-9999,-9999,0.06,0.04,-9999
67958,245,38.8592912,-90.6324093,12475,12439.8,39036,40287.0,264.29,485.38,258.88,0.836,-0.1,88.31,87.39,-0.9,0.62,0.30,-50.75,354.2,-8888,-19.8,-18.9,196.43,787.0,15.2,252.1,33.1,57.5,-157.2,114.3,-9999,-9999,0.06,0.04,-9999
67959,245,38.8593991,-90.6293733,12475,12439.7,39036,40286.0,264.30,485.19,258.81,0.835,-0.1,88.33,87.41,-0.9,0.60,0.25,-50.75,354.2,-8888,-19.8,-18.9,196.43,787.3,15.3,252.2,33.1,57.4,-157.2,114.3,-9999,-9999,0.06,0.04,-9999
67960,245,38.8595063,-90.6263373,12474,12439.5,39036,40226.5,264.32,485.25,258.88,0.835,-0.2,88.34,87.42,-0.9,0.59,0.28,-50.75,354.2,-8888,-19.8,-18.8,196.43,786.9,15.2,252.3,33.1,57.5,-157.1,114.4,-9999,-9999,0.06,0.04,-9999
67961,245,38.8596129,-90.6233010,12474,12439.3,39036,40287.5,264.33,485.38,259.00,0.836,-0.3,88.34,87.44,-0.9,0.58,0.28,-50.75,354.2,-8888,-19.8,-18.8,196.43,787.1,15.2,252.3,33.1,57.5,-157.1,114.4,-9999,-9999,0.06,0.04,-9999
67962,245,38.8597188,-90.6202645,12474,12439.0,39035,40273.0,264.35,485.25,258.88,0.835,-0.3,88.37,87.45,-0.9,0.58,0.24,-50.75,354.2,-8888,-19.8,-18.9,196.44,786.9,15.3,252.4,33.1,57.4,-157.1,114.4,-9999,-9999,0.06,0.04,-9999
67963,245,38.8598241,-90.6172278,12473,12438.6,39034,40277.5,264.36,485.25,258.88,0.835,-0.4,88.38,87.47,-0.9,0.57,0.23,-50.75,354.2,-8888,-19.8,-18.8,196.45,787.1,15.3,252.4,33.1,57.4,-157.1,114.3,-9999,-9999,0.06,0.04,-9999
67964,245,38.8599288,-90.6141909,12473,12438.2,39033,40350.0,264.38,485.19,258.88,0.835,-0.5,88.39,87.48,-0.9,0.58,0.24,-50.75,354.2,-8888,-19.8,-18.6,196.46,787.0,15.3,252.5,33.1,57.4,-157.1,114.3,-9999,-9999,0.06,0.04,-9999
67965,245,38.8600330,-90.6111537,12472,12437.7,39032,40221.0,264.40,484.69,258.50,0.834,-0.5,88.40,87.50,-0.9,0.59,0.23,-50.75,354.2,-8888,-19.8,-18.4,196.47,787.1,15.6,253.0,33.1,57.4,-157.1,114.3,-9999,-9999,0.06,0.04,-9999
67966,245,38.8601364,-90.6081162,12471,12437.1,39031,40275.5,264.43,484.12,258.12,0.833,-0.6,88.39,87.51,-0.9,0.60,0.22,-50.75,354.2,-8888,-19.8,-18.3,196.48,786.9,15.9,253.6,33.1,57.4,-157.1,114.3,-9999,-9999,0.06,0.04,-9999
67967,245,38.8602392,-90.6050783,12471,12436.4,39030,40291.5,264.46,483.88,257.94,0.833,-0.7,88.38,87.53,-0.9,0.59,0.22,-50.75,354.2,-8888,-19.8,-18.0,196.49,787.3,16.0,254.1,33.1,57.4,-157.1,114.3,-9999,-9999,0.06,0.04,-9999
67968,245,38.8603415,-90.6020400,12470,12435.7,39027,40228.0,264.49,483.88,257.94,0.833,-0.7,88.37,87.54,-0.8,0.57,0.18,-50.75,354.2,-8888,-19.8,-17.6,196.52,787.2,16.0,254.5,33.1,57.4,-157.0,114.4,-9999,-9999,0.06,0.04,-9999
67969,245,38.8604432,-90.5990012,12470,12434.9,39025,40177.5,264.53,483.75,257.94,0.832,-0.8,88.36,87.55,-0.8,0.57,0.11,-50.75,354.2,-8888,-19.8,-17.5,196.54,787.3,16.1,255.0,33.1,57.3,-157.0,114.4,-9999,-9999,0.06,0.04,-9999
67970,245,38.8605446,-90.5959620,12469,12434.1,39023,40279.0,264.57,483.56,257.81,0.832,-0.8,88.35,87.56,-0.8,0.58,0.04,-50.75,354.2,-8888,-19.8,-17.4,196.55,787.0,16.2,255.3,33.1,57.2,-157.0,114.3,-9999,-9999,0.06,0.04,-9999
67971,245,38.8606458,-90.5929223,12469,12433.3,39020,40270.0,264.60,483.56,257.81,0.832,-0.9,88.34,87.57,-0.8,0.58,0.04,-50.75,354.1,-8888,-19.8,-17.3,196.58,787.3,16.2,255.5,33.1,57.1,-157.0,114.3,-9999,-9999,0.06,0.04,-9999
67972,245,38.8607468,-90.5898823,12468,12432.4,39018,40276.5,264.63,483.38,257.75,0.832,-0.9,88.33,87.57,-0.8,0.60,-0.10,-50.50,354.5,-8888,-19.8,-17.3,196.60,787.1,16.3,255.9,33.1,57.1,-157.0,114.3,-9999,-9999,0.06,0.04,-9999
67973,245,38.8608478,-90.5868418,12467,12431.5,39014,40181.5,264.67,483.12,257.56,0.831,-0.9,88.31,87.57,-0.7,0.61,-0.17,-50.50,354.5,-8888,-19.8,-17.0,196.64,787.3,16.5,256.2,33.1,57.0,-157.0,114.2,-9999,-9999,0.06,0.04,-9999
67974,245,38.8609489,-90.5838009,12467,12430.7,39011,40186.0,264.70,483.06,257.50,0.831,-0.8,88.30,87.56,-0.7,0.62,-0.25,-50.50,354.5,-8888,-19.8,-16.4,196.67,787.1,16.5,256.4,33.1,57.0,-157.0,114.2,-9999,-9999,0.06,0.04,-9999
67975,245,38.8610502,-90.5807597,12466,12429.9,39010,40226.5,264.73,483.06,257.50,0.831,-0.8,88.30,87.56,-0.7,0.64,-0.31,-50.50,354.5,-8888,-19.8,-16.1,196.68,787.2,16.6,256.4,33.1,56.9,-157.0,114.1,-9999,-9999,0.06,0.04,-9999
67976,245,38.8611519,-90.5777181,12465,12429.2,39006,40226.0,264.76,483.25,257.69,0.831,-0.7,88.29,87.55,-0.7,0.64,-0.33,-50.50,354.5,-8888,-19.8,-16.2,196.72,787.1,16.5,256.3,33.1,56.9,-156.9,114.1,-9999,-9999,0.06,0.04,-9999
67977,245,38.8612539,-90.5746763,12465,12428.6,39002,40176.5,264.78,483.75,258.00,0.832,-0.5,88.28,87.54,-0.7,0.64,-0.38,-50.50,354.5,-8888,-19.8,-16.2,196.75,787.3,16.3,256.1,33.1,56.9,-156.9,114.1,-9999,-9999,0.06,0.04,-9999
67978,245,38.8613564,-90.5716343,12464,12428.1,38999,40184.0,264.80,484.06,258.25,0.833,-0.4,88.27,87.53,-0.7,0.65,-0.44,-50.75,354.0,-8888,-19.8,-16.1,196.78,787.1,16.1,255.9,33.1,56.8,-156.9,114.1,-9999,-9999,0.06,0.04,-9999
67979,245,38.8614594,-90.5685922,12464,12427.8,38997,40181.5,264.81,484.31,258.50,0.834,-0.2,88.26,87.51,-0.7,0.67,-0.45,-50.75,354.0,-8888,-19.8,-15.7,196.80,787.3,16.0,255.8,33.1,56.8,-156.9,114.1,-9999,-9999,0.06,0.04,-9999
67980,245,38.8615630,-90.5655500,12463,12427.7,38995,40148.5,264.81,484.88,258.88,0.835,-0.1,88.26,87.50,-0.8,0.68,-0.45,-50.75,354.0,-8888,-19.8,-15.2,196.82,787.2,15.7,255.5,33.1,56.8,-156.9,114.1,-9999,-9999,0.06,0.04,-9999
67981,245,38.8616670,-90.5625079,12463,12427.7,38994,40085.5,264.80,485.12,259.00,0.835,0.0,88.25,87.49,-0.8,0.72,-0.44,-50.75,354.0,-8888,-19.8,-15.1,196.83,787.4,15.6,255.3,33.1,56.8,-156.9,114.1,-9999,-9999,0.06,0.04,-9999
67982,245,38.8617715,-90.5594658,12463,12427.8,38995,40071.5,264.80,485.06,258.94,0.835,0.1,88.24,87.48,-0.8,0.76,-0.45,-50.75,354.0,-8888,-19.8,-14.9,196.82,787.2,15.6,255.2,33.1,56.8,-156.9,114.0,-9999,-9999,0.06,0.04,-9999
67983,245,38.8618764,-90.5564238,12463,12428.0,38995,40092.5,264.79,484.88,258.81,0.834,0.2,88.24,87.47,-0.8,0.77,-0.46,-50.75,354.0,-8888,-19.8,-14.5,196.82,787.3,15.7,255.2,33.1,56.8,-156.9,114.0,-9999,-9999,0.06,0.04,-9999
