mdx/test/fixtures/CPEXCV_MetNav_DC8_20220902_R0.ict
76, 1001
Project Office
National Suborbital Research Center [Bay Area Environmental Research Institute @ NASA Ames Research Center]
N817NA Meteorological and Navigation Facility Instrumentation
CPEX-CV
1,1
2022,09,02,2022,09,04
1
Time_Start, seconds (from midnight UTC)
35
1,1,1,1,1,1,1,1,1,1,1,1,1,1,1,1,1,1,1,1,1,1,1,1,1,1,1,1,1,1,1,1,1,1,1
-9999,-9999,-9999,-9999,-9999,-9999,-9999,-9999,-9999,-9999,-9999,-9999,-9999,-9999,-9999,-9999,-9999,-9999,-9999,-9999,-9999,-9999,-9999,-9999,-9999,-9999,-9999,-9999,-9999,-9999,-9999,-9999,-9999,-9999,-9999
Day_Of_Year, day, None, calendar day beginning January 1
Latitude, deg, Platform_Latitude_InSitu_None
Longitude, deg, Platform_Longitude_InSitu_None
MSL_GPS_Altitude, m, Platform_AltitudeMSL_InSitu_None
HAE_GPS_Altitude, m, Platform_AltitudeEllipsoid_InSitu_None, reference WGS-84
Pressure_Altitude, ft, Platform_AltitudePressure_InSitu_None
Radar_Altitude, ft, Platform_AltitudeAGL_InSitu_None
Ground_Speed, m/s, Platform_GroundSpeed_InSitu_None
True_Air_Speed, kts, Platform_AircraftTrueAirSpeed_InSitu_None
Indicated_Air_Speed, kts, Platform_AircraftIndicatedAirSpeed_InSitu_None
Mach_Number, mach, None
Vertical_Speed, m/s, None
True_Heading, deg 0-360, Platform_HeadingTrue_InSitu_None, cw from +y
Track_Angle, deg 0-360, Platform_TrackAngle_InSitu_None, cw from +y
Drift_Angle, deg +-180, Platform_DriftAngle_InSitu_None, cw from +y
Pitch_Angle, deg +-180, Platform_PitchAngle_InSitu_None, up+
Roll_Angle, deg +-180, Platform_RollAngle_InSitu_None, rt+
Static_Air_Temp, degrees Celcius, Met_StaticAirTemperature_InSitu_None
Potential_Temp, Kelvin, Met_PotentialTemperature_InSitu_None
DewFrost_Point, degrees Celcius, Met_DewPoint_InSitu_None
Total_Air_Temp, degrees Celcius, None
IR_Surf_Temp, degrees Celcius, Met_SufaceTemperature_InSitu_None
Static_Pressure, hPa, Met_StaticPressure_InSitu_None
Cabin_Pressure, hPa, None
Wind_Speed, m/s, Met_WindSpeed_InSitu_None, limited to where Roll_Angle does not exceed 5 degrees
Wind_Direction, deg 0-360 cw from +y, Met_WindDirection_InSitu_None, limited to where Roll_Angle does not exceed 5 degrees
Solar_Zenith_Angle, deg, Platform_SolarZenithAngle_InSitu_None
Aircraft_Sun_Elevation, deg, None
Sun_Azimuth, deg, Platform_SolarAzimuthAngle_InSitu_None
Aircraft_Sun_Azimuth, deg, None
Mixing_Ratio, g/kg, Met_H2OMR_InSitu_None
Part_Press_Water_Vapor, hPa, Met_PartialPressureH2O_InSitu_None
Sat_Vapor_Press_H2O, hPa, Met_SatVaporPressureH2OWater_InSitu_None
Sat_Vapor_Press_Ice, hPa, Met_SatVaporPressureH2OIce_InSitu_None
Relative_Humidity, percent, Met_RelativeHumidityWater_InSitu_None
0
27
PI_CONTACT_INFO: NSRC MetNav PI - Ryan Bennett - joseph.r.bennett@nasa.gov & r.bennett@baeri.org.
Platform: NASA DC-8 N817NA
LOCATION: Included in data records
ASSOCIATED_DATA: This flight represents the CPEX-CV transit flight #01 from Palmdale, CA to Dulles, VA.
INSTRUMENT_INFO: 
	Position, attitude, ground speed, and vertical speed from LN251
	Wind_Speed and Wind_Direction calculated from LN251, Aircraft Data System-85
	Radar_Altitude from APN-232
	Total_Air_Temperature from Rosemount 102 type deiced
	IR_Surface_Temp from KT-19.85
    Cabin_Pressure from MKS Baratron 220D
	DewFrost_Point and calculated water vapor parameters from Buck Hygrometer
[...]
ULOD_FLAG:-7777
ULOD_VALUE:366,90,180,N/A,N/A,57343,65000,N/A,600,510,0.99,104.04,360,360,180,180,180,60,N/A,90,99,200,N/A,1333.22,N/A,360,N/A,N/A,N/A,N/A,N/A,N/A,N/A,N/A,N/A
LLOD_FLAG:-8888
LLOD_VALUE:0,-90,-180,N/A,N/A,-1871,0,0,0,0,0,-104.04,0,0,-180,-180,-180,-99,N/A,-60,-60,-50,N/A,0.66,0,0,N/A,N/A,N/A,N/A,N/A,N/A,N/A,N/A,N/A
DM_CONTACT_INFO: Ryan Bennett - joseph.r.bennett@nasa.gov & r.bennett@baeri.org.
PROJECT_INFO: N/A
STIPULATIONS_ON_USE: Please first contact the PI/data manager with questions before use.
OTHER_COMMENTS: Wind Speed and Wind Direction flagged where Roll_Angle exceeds 5 degrees. 
REVISION: R0
R0: Preliminary public release data; will submit another update using experimenter TAT and pressure.
RA: Preliminary field data with limits of detection applied; Obvious hygrometer malfunctions flagged within this preliminary set. 
Time_Start,Day_Of_Year,Latitude,Longitude,MSL_GPS_Altitude,HAE_GPS_Altitude,Pressure_Altitude,Radar_Altitude,Ground_Speed,True_Air_Speed,Indicated_Air_Speed,Mach_Number,Vertical_Speed,True_Heading,Track_Angle,Drift_Angle,Pitch_Angle,Roll_Angle,Static_Air_Temp,Potential_Temp,DewFrost_Point,Total_Air_Temp,IR_Surf_Temp,Static_Pressure,Cabin_Pressure,Wind_Speed,Wind_Direction,Solar_Zenith_Angle,Aircraft_Sun_Elevation,Sun_Azimuth,Aircraft_Sun_Azimuth,Mixing_Ratio,Part_Press_Water_Vapor,Sat_Vapor_Press_H2O,Sat_Vapor_Press_Ice,Relative_Humidity
[from data line 2202]
59949,245,35.7153864,-113.3264708,12600,12573.6,39019,36045.5,242.05,477.56,255.50,0.825,0.2,70.37,73.23,2.9,1.25,-0.11,-52.50,351.4,-8888,-22.5,23.9,196.59,795.2,12.7,358.4,48.7,40.5,114.2,43.5,-9999,-9999,0.05,0.03,-9999
59950,245,35.7160145,-113.3239146,12601,12573.8,39019,36100.5,242.04,477.62,255.50,0.825,0.1,70.40,73.24,2.8,1.24,0.22,-52.50,351.4,-8888,-22.5,24.1,196.59,795.2,12.6,358.7,48.7,40.7,114.3,43.2,-9999,-9999,0.05,0.03,-9999
59951,245,35.7166416,-113.3213581,12601,12573.9,39020,36063.5,242.04,477.38,255.38,0.825,0.1,70.42,73.28,2.9,1.23,0.47,-52.50,351.4,-8888,-22.5,25.3,196.58,795.2,12.7,358.1,48.7,40.9,114.3,43.1,-9999,-9999,0.05,0.03,-9999
59952,245,35.7172672,-113.3188011,12601,12574.0,39021,36150.0,242.04,477.31,255.31,0.825,0.1,70.45,73.31,2.9,1.24,0.48,-52.50,351.4,-8888,-22.5,27.8,196.57,795.2,12.7,357.9,48.7,40.9,114.3,43.0,-9999,-9999,0.05,0.03,-9999
59953,245,35.7178854,-113.3162691,12601,12574.2,39021,36108.5,242.04,477.25,255.31,0.825,0.1,70.47,73.35,2.9,1.25,0.44,-52.50,351.4,-8888,-22.5,28.5,196.57,795.4,12.7,357.8,48.7,40.9,114.3,43.0,-9999,-9999,0.05,0.03,-9999
59954,245,35.7185150,-113.3136857,12601,12574.3,39021,36210.0,242.03,477.25,255.25,0.825,0.1,70.48,73.38,2.9,1.23,0.41,-52.50,351.4,-8888,-22.5,27.8,196.57,795.4,12.8,357.7,48.7,40.9,114.3,43.0,-9999,-9999,0.05,0.03,-9999
59955,245,35.7191375,-113.3111275,12601,12574.3,39021,36289.0,242.04,477.12,255.19,0.825,0.0,70.50,73.40,2.9,1.22,0.35,-52.50,351.4,-8888,-22.5,26.2,196.57,795.3,12.8,357.4,48.7,40.8,114.3,43.1,-9999,-9999,0.05,0.03,-9999
59956,245,35.7197588,-113.3085688,12601,12574.3,39023,36382.5,242.04,477.00,255.12,0.824,0.0,70.52,73.43,2.9,1.20,0.26,-52.50,351.4,-8888,-22.5,27.1,196.55,795.2,12.8,357.1,48.7,40.8,114.3,43.1,-9999,-9999,0.05,0.03,-9999
59957,245,35.7203794,-113.3060097,12601,12574.3,39022,36487.5,242.05,476.88,255.06,0.824,-0.1,70.55,73.45,2.9,1.19,0.13,-52.50,351.4,-8888,-22.5,30.3,196.56,795.2,12.8,356.9,48.7,40.7,114.3,43.2,-9999,-9999,0.05,0.03,-9999
59958,245,35.7209994,-113.3034502,12601,12574.1,39022,36672.0,242.06,477.00,255.12,0.824,-0.2,70.57,73.46,2.9,1.18,0.00,-52.50,351.4,-8888,-22.5,32.3,196.56,795.3,12.7,357.2,48.7,40.6,114.3,43.3,-9999,-9999,0.05,0.03,-9999
59959,245,35.7216128,-113.3009162,12601,12573.9,39021,36611.0,242.06,477.19,255.25,0.825,-0.2,70.58,73.47,2.9,1.17,0.08,-52.50,351.4,-8888,-22.5,31.1,196.57,795.2,12.8,357.6,48.7,40.6,114.3,43.3,-9999,-9999,0.05,0.03,-9999
59960,245,35.7222382,-113.2983307,12601,12573.7,39019,36654.5,242.07,477.12,255.19,0.825,-0.3,70.57,73.48,2.9,1.17,-0.16,-52.50,351.4,-8888,-22.5,28.8,196.59,795.2,12.8,357.3,48.7,40.6,114.3,43.4,-9999,-9999,0.05,0.03,-9999
59961,245,35.7228575,-113.2957708,12600,12573.4,39019,36614.0,242.08,477.12,255.19,0.825,-0.3,70.52,73.48,3.0,1.17,-0.28,-52.50,351.4,-8888,-22.5,27.4,196.59,795.5,13.0,357.0,48.6,40.5,114.3,43.5,-9999,-9999,0.05,0.03,-9999
59962,245,35.7234768,-113.2932108,12600,12573.1,39018,36525.5,242.08,477.00,255.19,0.824,-0.3,70.43,73.47,3.0,1.19,-0.49,-52.50,351.3,-8888,-22.5,26.2,196.60,795.2,13.4,356.3,48.6,40.3,114.3,43.7,-9999,-9999,0.05,0.03,-9999
59963,245,35.7240968,-113.2906510,12600,12572.9,39016,36504.5,242.08,477.12,255.25,0.825,-0.2,70.37,73.45,3.1,1.22,-0.73,-52.50,351.3,-8888,-22.5,24.8,196.62,795.5,13.5,356.4,48.6,40.2,114.3,43.9,-9999,-9999,0.05,0.03,-9999
59964,245,35.7247176,-113.2880916,12600,12572.7,39014,36490.5,242.06,477.12,255.19,0.824,-0.1,70.35,73.42,3.1,1.24,-0.83,-52.50,351.3,-8888,-22.5,23.4,196.64,795.5,13.5,356.5,48.6,40.1,114.3,44.0,-9999,-9999,0.05,0.03,-9999
59965,245,35.7253396,-113.2855327,12599,12572.6,39014,36499.5,242.05,477.12,255.19,0.824,-0.1,70.35,73.39,3.0,1.25,-0.78,-52.50,351.3,-8888,-22.5,23.5,196.64,795.5,13.4,356.6,48.6,40.1,114.4,44.0,-9999,-9999,0.05,0.03,-9999
59966,245,35.7259625,-113.2829742,12599,12572.5,39013,36525.5,242.04,477.12,255.25,0.824,0.0,70.34,73.36,3.0,1.24,-0.70,-52.50,351.3,-8888,-22.5,24.8,196.65,795.4,13.3,356.7,48.6,40.2,114.4,44.0,-9999,-9999,0.05,0.03,-9999
59967,245,35.7265860,-113.2804162,12599,12572.5,39013,36389.0,242.03,477.12,255.25,0.824,0.0,70.33,73.34,3.0,1.25,-0.64,-52.50,351.3,-8888,-22.5,26.7,196.65,795.2,13.3,356.8,48.6,40.2,114.4,43.9,-9999,-9999,0.05,0.03,-9999
59968,245,35.7272102,-113.2778584,12599,12572.5,39013,36479.0,242.01,477.25,255.31,0.825,0.0,70.33,73.33,3.0,1.26,-0.56,-52.50,351.3,-8888,-22.5,29.2,196.65,795.4,13.2,357.2,48.6,40.2,114.4,43.9,-9999,-9999,0.05,0.03,-9999
59969,245,35.7278349,-113.2753011,12600,12572.5,39014,36378.5,241.99,477.25,255.31,0.825,0.1,70.34,73.31,3.0,1.27,-0.50,-52.50,351.3,-8888,-22.5,29.9,196.64,795.3,13.1,357.4,48.6,40.3,114.4,43.8,-9999,-9999,0.05,0.03,-9999
59970,245,35.7284600,-113.2727441,12600,12572.6,39014,36382.0,241.98,477.38,255.31,0.825,0.1,70.41,73.31,2.9,1.27,-0.43,-52.50,351.3,-8888,-22.5,28.9,196.64,795.4,12.8,358.2,48.6,40.3,114.4,43.8,-9999,-9999,0.05,0.03,-9999
59971,245,35.7290790,-113.2702128,12600,12572.7,39014,36282.0,241.96,477.38,255.31,0.825,0.1,70.49,73.30,2.8,1.27,-0.24,-52.50,351.3,-8888,-22.5,25.9,196.64,795.4,12.5,358.7,48.6,40.5,114.4,43.5,-9999,-9999,0.05,0.03,-9999
59972,245,35.7297104,-113.2676305,12600,12572.9,39016,36148.0,241.95,477.38,255.31,0.825,0.1,70.52,73.31,2.8,1.26,0.00,-52.50,351.3,-8888,-22.5,23.6,196.62,795.7,12.4,358.9,48.6,40.6,114.4,43.4,-9999,-9999,0.05,0.03,-9999
59973,245,35.7303349,-113.2650736,12600,12573.0,39016,36109.0,241.94,477.38,255.31,0.825,0.2,70.53,73.33,2.8,1.27,0.21,-52.50,351.3,-8888,-22.5,23.8,196.62,795.6,12.5,358.9,48.6,40.8,114.4,43.2,-9999,-9999,0.05,0.03,-9999
59974,245,35.7309586,-113.2625165,12600,12573.2,39016,36089.0,241.94,477.31,255.25,0.825,0.2,70.54,73.36,2.8,1.26,0.31,-52.25,351.7,-8888,-22.5,25.1,196.62,795.7,12.5,358.7,48.6,40.9,114.4,43.1,-9999,-9999,0.05,0.03,-9999
59975,245,35.7315750,-113.2599846,12600,12573.3,39016,35969.0,241.93,477.38,255.31,0.825,0.2,70.54,73.39,2.8,1.26,0.31,-52.50,351.3,-8888,-22.5,27.7,196.62,795.4,12.6,358.7,48.6,40.9,114.4,43.2,-9999,-9999,0.05,0.03,-9999
59976,245,35.7322030,-113.2574014,12600,12573.5,39016,36050.5,241.93,477.38,255.31,0.825,0.2,70.54,73.41,2.9,1.26,0.23,-52.25,351.7,-8888,-22.5,29.7,196.62,795.6,12.7,358.7,48.6,40.8,114.4,43.2,-9999,-9999,0.05,0.03,-9999
59977,245,35.7328178,-113.2548691,12600,12573.6,39017,35966.0,241.92,477.25,255.25,0.824,0.2,70.54,73.43,2.9,1.26,0.10,-52.25,351.7,-8888,-22.5,29.9,196.61,795.6,12.8,358.3,48.6,40.8,114.4,43.3,-9999,-9999,0.05,0.03,-9999
59978,245,35.7334446,-113.2522855,12600,12573.8,39018,36034.0,241.91,477.19,255.19,0.824,0.1,70.53,73.44,2.9,1.25,0.04,-52.25,351.7,-8888,-22.5,29.4,196.60,795.3,12.9,358.1,48.6,40.7,114.4,43.4,-9999,-9999,0.05,0.03,-9999
59979,245,35.7340649,-113.2497274,12600,12573.9,39018,36106.0,241.91,477.19,255.19,0.824,0.1,70.44,73.44,3.0,1.23,-0.20,-52.25,351.7,-8888,-22.5,29.0,196.60,795.4,13.2,357.6,48.6,40.6,114.4,43.6,-9999,-9999,0.05,0.03,-9999
59980,245,35.7346853,-113.2471694,12600,12574.1,39017,36093.0,241.90,477.19,255.19,0.824,0.1,70.33,73.43,3.1,1.24,-0.48,-52.25,351.7,-8888,-22.5,29.6,196.61,795.4,13.6,357.1,48.6,40.4,114.4,43.9,-9999,-9999,0.05,0.03,-9999
59981,245,35.7353062,-113.2446116,12601,12574.2,39016,36180.0,241.89,477.25,255.25,0.824,0.2,70.28,73.41,3.1,1.27,-0.76,-52.25,351.7,-8888,-22.5,29.8,196.62,795.2,13.8,357.1,48.6,40.2,114.5,44.1,-9999,-9999,0.05,0.03,-9999
59982,245,35.7359280,-113.2420544,12601,12574.4,39017,36294.5,241.87,477.19,255.12,0.824,0.2,70.27,73.38,3.1,1.27,-0.86,-52.25,351.7,-8888,-22.5,30.1,196.61,795.4,13.7,357.1,48.5,40.1,114.5,44.2,-9999,-9999,0.05,0.03,-9999
59983,245,35.7365448,-113.2395234,12602,12574.6,39018,36356.5,241.85,477.06,255.06,0.824,0.2,70.25,73.35,3.1,1.26,-0.80,-52.25,351.7,-8888,-22.5,29.7,196.60,795.2,13.7,356.9,48.5,40.2,114.5,44.2,-9999,-9999,0.05,0.03,-9999
59984,245,35.7371750,-113.2369418,12602,12574.8,39019,36387.5,241.84,477.19,255.12,0.824,0.2,70.24,73.32,3.1,1.25,-0.69,-52.25,351.8,-8888,-22.5,28.6,196.59,795.1,13.6,357.3,48.5,40.2,114.5,44.2,-9999,-9999,0.05,0.03,-9999
59985,245,35.7377933,-113.2344116,12602,12575.0,39019,36392.0,241.83,477.25,255.19,0.824,0.2,70.25,73.30,3.1,1.24,-0.59,-52.25,351.8,-8888,-22.5,27.3,196.59,794.7,13.5,357.6,48.5,40.3,114.5,44.1,-9999,-9999,0.05,0.03,-9999
59986,245,35.7384247,-113.2318306,12603,12575.2,39020,36324.5,241.82,477.38,255.31,0.825,0.1,70.27,73.29,3.0,1.24,-0.47,-52.50,351.4,-8888,-22.5,26.5,196.58,795.2,13.4,358.1,48.5,40.4,114.5,44.0,-9999,-9999,0.05,0.03,-9999
59987,245,35.7390502,-113.2292753,12603,12575.3,39021,36222.5,241.81,477.38,255.31,0.825,0.1,70.36,73.29,2.9,1.24,-0.28,-52.50,351.4,-8888,-22.5,25.7,196.57,795.0,13.0,358.7,48.5,40.5,114.5,43.8,-9999,-9999,0.05,0.03,-9999
59988,245,35.7396756,-113.2267202,12603,12575.4,39022,36199.5,241.80,477.44,255.25,0.825,0.1,70.44,73.29,2.8,1.22,0.02,-52.50,351.4,-8888,-22.5,24.6,196.56,795.1,12.7,359.3,48.5,40.8,114.5,43.6,-9999,-9999,0.05,0.03,-9999
59989,245,35.7402943,-113.2241904,12603,12575.5,39023,36132.0,241.80,477.44,255.31,0.825,0.0,70.48,73.31,2.8,1.21,0.31,-52.50,351.4,-8888,-22.5,24.5,196.55,794.9,12.6,359.5,48.5,41.0,114.5,43.3,-9999,-9999,0.05,0.03,-9999
59990,245,35.7409245,-113.2216091,12602,12575.5,39023,36100.0,241.81,477.50,255.38,0.825,0.0,70.50,73.34,2.8,1.21,0.55,-52.50,351.4,-8888,-22.5,24.6,196.55,794.9,12.7,359.5,48.5,41.1,114.5,43.2,-9999,-9999,0.05,0.03,-9999
59991,245,35.7415472,-113.2190528,12602,12575.5,39023,36062.0,241.82,477.62,255.44,0.825,0.0,70.53,73.39,2.9,1.21,0.67,-52.25,351.8,-8888,-22.2,23.7,196.55,795.0,12.7,359.8,48.5,41.2,114.5,43.1,-9999,-9999,0.05,0.03,-9999
59992,245,35.7421683,-113.2164958,12602,12575.5,39023,36066.5,241.82,477.62,255.38,0.825,0.0,70.60,73.43,2.8,1.22,0.72,-52.25,351.8,-8888,-22.2,23.5,196.55,794.9,12.6,360.0,48.5,41.3,114.5,43.0,-9999,-9999,0.05,0.03,-9999
59993,245,35.7427818,-113.2139639,12602,12575.4,39021,35934.0,241.82,477.62,255.38,0.825,0.0,70.66,73.47,2.8,1.21,0.81,-52.25,351.8,-8888,-22.2,25.3,196.57,795.2,12.6,0.1,48.5,41.3,114.5,42.9,-9999,-9999,0.05,0.03,-9999
59994,245,35.7434060,-113.2113801,12602,12575.4,39022,35863.5,241.82,477.62,255.38,0.825,-0.1,70.72,73.52,2.8,1.21,0.92,-52.25,351.8,-8888,-22.2,28.1,196.56,795.2,12.5,0.2,48.5,41.4,114.5,42.7,-9999,-9999,0.05,0.03,-9999
59995,245,35.7440159,-113.2088468,12602,12575.3,39022,35729.5,241.83,477.62,255.38,0.825,-0.1,70.77,73.57,2.8,1.21,0.94,-52.25,351.8,-8888,-22.2,28.7,196.56,795.5,12.5,0.2,48.5,41.4,114.5,42.7,-9999,-9999,0.05,0.03,-9999
59996,245,35.7446362,-113.2062615,12601,12575.2,39022,35721.5,241.83,477.56,255.38,0.825,-0.1,70.82,73.62,2.8,1.22,0.80,-52.25,351.8,-8888,-22.2,28.1,196.56,795.3,12.5,0.1,48.5,41.3,114.5,42.7,-9999,-9999,0.05,0.03,-9999
59997,245,35.7452487,-113.2037011,12601,12575.1,39022,35438.5,241.83,477.62,255.38,0.825,-0.1,70.87,73.67,2.8,1.22,0.61,-52.25,351.8,-8888,-22.2,27.6,196.56,795.2,12.5,0.3,48.5,41.2,114.6,42.8,-9999,-9999,0.05,0.03,-9999
59998,245,35.7458598,-113.2011403,12601,12574.9,39021,35277.0,241.83,477.50,255.31,0.825,-0.2,70.91,73.70,2.8,1.22,0.48,-52.25,351.8,-8888,-22.2,27.1,196.57,795.1,12.5,0.1,48.5,41.1,114.6,42.8,-9999,-9999,0.05,0.03,-9999
59999,245,35.7464698,-113.1985791,12601,12574.7,39021,34917.5,241.83,477.50,255.31,0.825,-0.2,70.93,73.73,2.8,1.21,0.41,-52.25,351.8,-8888,-22.2,26.5,196.57,795.2,12.5,0.1,48.5,41.1,114.6,42.9,-9999,-9999,0.05,0.03,-9999
60000,245,35.7470785,-113.1960174,12601,12574.5,39020,34817.5,241.83,477.50,255.31,0.825,-0.2,70.94,73.76,2.8,1.20,0.32,-52.25,351.8,-8888,-22.2,26.2,196.58,795.2,12.6,0.0,48.5,41.0,114.6,42.9,-9999,-9999,0.05,0.03,-9999
60001,245,35.7476801,-113.1934809,12601,12574.3,39019,34638.5,241.83,477.50,255.31,0.825,-0.3,70.95,73.79,2.8,1.20,0.18,-52.25,351.8,-8888,-22.2,25.7,196.59,795.1,12.7,359.9,48.5,41.0,114.6,43.0,-9999,-9999,0.05,0.03,-9999
60002,245,35.7482930,-113.1908929,12601,12574.0,39020,34514.0,241.82,477.50,255.25,0.825,-0.3,70.94,73.81,2.9,1.20,0.02,-52.25,351.8,-8888,-22.2,25.3,196.58,795.2,12.8,359.8,48.5,40.8,114.6,43.1,-9999,-9999,0.05,0.03,-9999
60003,245,35.7488935,-113.1883560,12600,12573.6,39019,34488.0,241.82,477.38,255.19,0.824,-0.4,70.85,73.81,3.0,1.20,-0.19,-52.25,351.8,-8888,-22.2,25.0,196.59,795.2,13.1,359.0,48.4,40.7,114.6,43.3,-9999,-9999,0.05,0.03,-9999
60004,245,35.7495000,-113.1857935,12600,12573.3,39017,34395.0,241.82,477.19,255.12,0.824,-0.4,70.77,73.81,3.0,1.21,-0.57,-52.25,351.7,-8888,-22.2,24.2,196.61,795.2,13.4,358.2,48.4,40.5,114.6,43.7,-9999,-9999,0.05,0.03,-9999
60005,245,35.7501069,-113.1832313,12600,12572.9,39015,34363.5,241.81,477.06,255.06,0.824,-0.4,70.74,73.78,3.0,1.22,-1.00,-52.25,351.7,-8888,-22.2,22.8,196.63,795.0,13.4,357.9,48.4,40.1,114.6,44.0,-9999,-9999,0.05,0.03,-9999
60006,245,35.7507213,-113.1806440,12599,12572.5,39014,34217.0,241.79,477.06,255.06,0.824,-0.3,70.73,73.74,3.0,1.25,-1.25,-52.25,351.7,-8888,-22.2,21.3,196.64,795.0,13.3,358.1,48.4,40.0,114.6,44.2,-9999,-9999,0.05,0.03,-9999
60007,245,35.7513250,-113.1781087,12599,12572.2,39013,34265.5,241.77,477.06,255.00,0.824,-0.3,70.70,73.70,3.0,1.24,-1.31,-52.25,351.7,-8888,-22.2,21.6,196.65,795.2,13.3,358.2,48.4,39.9,114.6,44.2,-9999,-9999,0.05,0.03,-9999
60008,245,35.7519424,-113.1755230,12599,12571.9,39012,34223.0,241.75,477.00,254.94,0.824,-0.3,70.67,73.65,3.0,1.25,-1.30,-52.25,351.7,-8888,-22.2,23.8,196.66,795.2,13.2,358.2,48.4,39.9,114.6,44.3,-9999,-9999,0.05,0.03,-9999
60009,245,35.7525488,-113.1729890,12599,12571.6,39012,34217.0,241.74,476.94,254.94,0.823,-0.3,70.65,73.61,3.0,1.25,-1.27,-52.25,351.7,-8888,-22.2,24.2,196.66,794.8,13.1,358.1,48.4,40.0,114.6,44.3,-9999,-9999,0.05,0.03,-9999
60010,245,35.7531627,-113.1704301,12598,12571.4,39010,34285.5,241.72,476.81,254.88,0.823,-0.3,70.62,73.58,3.0,1.26,-1.24,-52.25,351.7,-8888,-22.2,23.4,196.68,794.9,13.1,358.0,48.4,40.0,114.6,44.3,-9999,-9999,0.05,0.03,-9999
60011,245,35.7537780,-113.1678719,12598,12571.1,39009,34356.0,241.70,476.69,254.81,0.823,-0.2,70.60,73.54,2.9,1.28,-1.18,-52.25,351.7,-8888,-22.2,23.5,196.69,794.7,13.0,357.8,48.4,40.0,114.6,44.3,-9999,-9999,0.05,0.03,-9999
60012,245,35.7543947,-113.1653144,12598,12571.0,39008,34346.0,241.68,476.56,254.81,0.823,-0.1,70.57,73.50,2.9,1.28,-1.12,-52.25,351.7,-8888,-22.5,23.6,196.70,795.0,12.9,357.7,48.4,40.1,114.7,44.3,-9999,-9999,0.05,0.03,-9999
60013,245,35.7550125,-113.1627575,12598,12570.9,39007,34414.5,241.67,476.50,254.75,0.823,-0.1,70.55,73.47,2.9,1.30,-1.06,-52.25,351.7,-8888,-22.5,23.8,196.71,795.2,12.9,357.6,48.4,40.1,114.7,44.2,-9999,-9999,0.05,0.03,-9999
60014,245,35.7556314,-113.1602012,12598,12570.8,39007,34461.0,241.64,476.31,254.62,0.822,0.0,70.52,73.44,2.9,1.31,-0.99,-52.25,351.7,-8888,-22.5,24.0,196.71,794.8,12.9,357.3,48.4,40.1,114.7,44.2,-9999,-9999,0.05,0.03,-9999
60015,245,35.7562574,-113.1576199,12598,12570.9,39007,34436.0,241.62,476.19,254.56,0.822,0.1,70.50,73.42,2.9,1.32,-0.92,-52.25,351.7,-8888,-22.5,23.8,196.71,795.1,12.8,357.1,48.4,40.2,114.7,44.2,-9999,-9999,0.05,0.03,-9999
60016,245,35.7568781,-113.1550647,12597,12570.9,39007,34510.5,241.60,476.19,254.50,0.822,0.1,70.47,73.39,2.9,1.34,-0.87,-52.25,351.7,-8888,-22.5,23.6,196.71,795.0,12.8,357.1,48.4,40.2,114.7,44.2,-9999,-9999,0.05,0.03,-9999
60017,245,35.7574996,-113.1525100,12597,12571.1,39008,34500.5,241.57,476.12,254.50,0.822,0.2,70.45,73.37,2.9,1.36,-0.80,-52.25,351.7,-8888,-22.5,23.6,196.70,794.8,12.8,357.1,48.4,40.3,114.7,44.2,-9999,-9999,0.05,0.03,-9999
60018,245,35.7581154,-113.1499813,12597,12571.3,39008,34546.5,241.55,475.94,254.38,0.822,0.3,70.44,73.35,2.9,1.35,-0.74,-52.25,351.7,-8888,-22.5,23.7,196.70,794.6,12.8,356.8,48.4,40.3,114.7,44.1,-9999,-9999,0.05,0.03,-9999
