mdx/test/fixtures/CPEX_Hskping_DC8_20170525_R0.ict
75, 1001
Project Office
NSRC - National Suborbital Research Center
N817NA Housekeeping
CPEX
1,1
2017,05,25,2018,06,01
1
Start_UTC, seconds (from midnight UTC)
35
1,1,1,1,1,1,1,1,1,1,1,1,1,1,1,1,1,1,1,1,1,1,1,1,1,1,1,1,1,1,1,1,1,1,1
-9999,-9999,-9999,-9999,-9999,-9999,-9999,-9999,-9999,-9999,-9999,-9999,-9999,-9999,-9999,-9999,-9999,-9999,-9999,-9999,-9999,-9999,-9999,-9999,-9999,-9999,-9999,-9999,-9999,-9999,-9999,-9999,-9999,-9999,-9999
Day_Of_Year, day beginning January 1
Latitude, deg
Longitude, deg
MSL_GPS_Altitude, m (height above mean sea level)
HAE_GPS_Altitude, m (height above ellipsoid WGS84)
Pressure_Altitude, ft
Radar_Altitude, ft
Ground_Speed, m/s
True_Air_Speed, kts
Indicated_Air_Speed, kts
Mach_Number, mach
Vertical_Speed, m/s
True_Heading, deg (0-360, cw from +y)
Track_Angle, deg (0-360, cw from +y)
Drift_Angle, deg (+-180, cw from +y)
Pitch_Angle, deg (+-180, up+)
Roll_Angle, deg (+-180, rt+)
Static_Air_Temp, Celcius
Potential_Temp, Kelvin
Dew_Point, Celcius
Total_Air_Temp, Celcius
IR_Surf_Temp, Celcius
Static_Pressure, mb
Cabin_Pressure, mb 
Wind_Speed, m/s (limited to where Roll_Angle <= 5 degrees)
Wind_Direction, deg (0-360, cw from +y)
Solar_Zenith_Angle, deg
Aircraft_Sun_Elevation, deg
Sun_Azimuth, deg
Aircraft_Sun_Azimuth, deg
Mixing_Ratio, g/kg
Part_Press_Water_Vapor, mb
Sat_Vapor_Press_H2O, mb
Sat_Vapor_Press_Ice, mb
Relative_Humidity, percent (with respect to water)
0
26
PI_CONTACT_INFO: Melissa Yang Martin, m.yang@baeri.org 
Platform: NASA DC-8 N817NA
LOCATION: Included in data records
ASSOCIATED_DATA: This data represents CPEX-2017 Transit from Palmdale, CA to Fort Lauderdale, FL. Visit https://cpex.jpl.nasa.gov/ for more information.
INSTRUMENT_INFO: 
	Position, attitude, and ground speed from UNS-1Fw EGI
	Wind_Speed and Wind_Direction calculated from UNS-1Fw EGI, Aircraft Data System-85
	Radar_Altitude from APN-232
	Total_Air_Temperature from Rosemount 102 type non-deiced
	IR_Surface_Temp from KT-19.85
        Cabin_Pressure from MKS Baratron 220D
	Dew_Point and calculated water vapor parameters from Edgetech Vigilant Hygrometer model 137
        Pressure_Altitude, Indicated_Air_Speed, True_Air_Speed, Mach_Number, Vertical Speed, and Static_Pressure from Aircraft Data System-85,
DATA_INFO: https://airbornescience.nasa.gov/sites/default/files/DC8_Experimenter_Handbook_Jan2011v2.pdf
UNCERTAINTY:None,5m,5m,N/A,5m,20ft increasing to 138ft with altitude,2 ft +-2%,0.015 m/s,4kts,5kts at 50 kts; 2kts at 100kts; 2.8 kts at 300kts,0.01 mach,greater of 0.152 m/s or 5%,0.02 deg,0.02 deg,0.02 deg,0.02 deg,0.02 deg,0.5 deg C,N/A,0.2 deg C,0.3 deg C,0.5 deg C + 0.7%*(TargetTemp-HousingTemp),N/A,0.15%,1 m/s given constraints,0.5 deg,N/A,N/A,N/A,N/A,N/A,N/A,N/A,N/A,N/A
ULOD_FLAG:-7777
ULOD_VALUE:N/A,90,180,N/A,N/A,57343,65000,N/A,600,510,0.99,104.04,360,360,180,180,180,60,N/A,90,99,200,N/A,1333.22,N/A,360,N/A,N/A,N/A,N/A,N/A,N/A,N/A,N/A,N/A
LLOD_FLAG:-8888
LLOD_VALUE:N/A,-90,-180,N/A,N/A,-1871,0,0,0,0,0,-104.04,0,0,-180,-180,-180,-99,N/A,-50,-60,-50,N/A,0.66,0,0,N/A,N/A,N/A,N/A,N/A,N/A,N/A,N/A,N/A
DM_CONTACT_INFO: Ryan Bennett, r.bennett@baeri.org
PROJECT_INFO: N/A
STIPULATIONS_ON_USE: Contact PI or DM with questions before use
OTHER_COMMENTS: HAE_GPS_Altitude flagged missing through Start_UTC 67192, Dew_Point and moisture variables flagged missing due to leaking hygrometer sensor-head.
REVISION: R0
R0: Public data release with QA/QC and limits of detection applied.
Start_UTC,Day_Of_Year,Latitude,Longitude,MSL_GPS_Altitude,HAE_GPS_Altitude,Pressure_Altitude,Radar_Altitude,Ground_Speed,True_Air_Speed,Indicated_Air_Speed,Mach_Number,Vertical_Speed,True_Heading,Track_Angle,Drift_Angle,Pitch_Angle,Roll_Angle,Static_Air_Temp,Potential_Temp,Dew_Point,Total_Air_Temp,IR_Surf_Temp,Static_Pressure,Cabin_Pressure,Wind_Speed,Wind_Direction,Solar_Zenith_Angle,Aircraft_Sun_Elevation,Sun_Azimuth,Aircraft_Sun_Azimuth,Mixing_Ratio,Part_Press_Water_Vapor,Sat_Vapor_Press_H2O,Sat_Vapor_Press_Ice,Relative_Humidity
[from data line 1779]
60735,145,34.7593689,-114.2020226,9705,-9999,30922,30383,271.7,461.3,288.3,0.78,1.5,94.7,91.7,-3.0,1.1,0.6,-41.2,330.9,-9999,-13.2,34.3,288.48,871.56,36.9,252.0,38.1,51.0,100.1,4.8,-9999,-9999,0.17,0.11,-9999
60736,145,34.7591972,-114.1991043,9707,-9999,30927,30401,271.8,461.7,288.6,0.78,1.5,94.8,91.7,-3.0,1.1,0.5,-41.3,330.9,-9999,-13.2,34.2,288.41,871.30,36.8,251.6,38.1,51.0,100.1,4.8,-9999,-9999,0.17,0.11,-9999
60737,145,34.7591972,-114.1961861,9708,-9999,30932,30410,271.9,462.0,288.8,0.78,1.5,94.8,91.7,-3.0,1.1,0.5,-41.3,330.9,-9999,-13.2,34.1,288.34,871.43,36.8,251.5,38.1,51.1,100.1,4.9,-9999,-9999,0.17,0.11,-9999
60738,145,34.7590256,-114.1932678,9709,-9999,30937,30374,272.0,462.4,289.0,0.78,1.5,94.8,91.7,-3.0,1.0,0.4,-41.3,330.9,-9999,-13.1,34.0,288.28,870.80,36.7,251.6,38.1,51.1,100.1,5.1,-9999,-9999,0.17,0.11,-9999
60739,145,34.7590256,-114.1901779,9711,-9999,30940,30350,272.1,462.6,289.2,0.78,1.3,94.8,91.8,-3.0,1.0,0.3,-41.3,330.9,-9999,-13.1,33.8,288.24,871.30,36.7,251.9,38.1,51.1,100.1,5.2,-9999,-9999,0.17,0.11,-9999
60740,145,34.7588539,-114.1872597,9712,-9999,30943,30354,272.3,462.8,289.2,0.78,1.1,94.7,91.8,-3.0,1.0,0.2,-41.3,330.9,-9999,-13.1,33.6,288.20,871.94,36.7,252.2,38.1,51.1,100.1,5.4,-9999,-9999,0.17,0.11,-9999
60741,145,34.7588539,-114.1843414,9713,-9999,30946,30310,272.5,462.9,289.4,0.78,1.1,94.7,91.8,-2.9,1.0,0.0,-41.3,330.9,-9999,-13.1,33.5,288.16,871.43,36.8,252.5,38.1,51.1,100.1,5.6,-9999,-9999,0.17,0.11,-9999
60742,145,34.7588539,-114.1812515,9714,-9999,30950,30320,272.5,463.4,289.7,0.78,1.0,94.7,91.8,-2.9,1.1,-0.1,-41.4,330.8,-9999,-13.1,33.4,288.10,870.93,36.6,252.2,38.1,51.0,100.1,5.6,-9999,-9999,0.17,0.11,-9999
60743,145,34.7586823,-114.1783333,9715,-9999,30953,30301,272.7,463.6,289.8,0.78,0.9,94.8,91.8,-2.9,1.1,-0.1,-41.4,330.8,-9999,-13.1,33.2,288.06,871.30,36.6,252.0,38.1,51.0,100.1,5.5,-9999,-9999,0.17,0.11,-9999
60744,145,34.7586823,-114.1754150,9717,-9999,30958,30286,272.8,463.8,289.9,0.78,1.1,94.8,91.8,-3.0,1.1,0.0,-41.4,330.9,-9999,-13.0,33.1,288.00,871.05,36.7,251.9,38.1,51.0,100.2,5.3,-9999,-9999,0.17,0.11,-9999
60745,145,34.7585106,-114.1723251,9718,-9999,30962,30232,272.9,464.1,290.1,0.78,1.2,94.7,91.8,-3.0,1.2,0.1,-41.4,330.9,-9999,-13.0,33.0,287.95,871.05,36.6,252.0,38.1,51.0,100.2,5.5,-9999,-9999,0.17,0.11,-9999
60746,145,34.7585106,-114.1694069,9720,-9999,30966,30216,273.0,464.2,290.1,0.78,1.2,94.7,91.8,-2.9,1.2,0.0,-41.4,330.9,-9999,-13.0,33.0,287.89,870.93,36.7,252.3,38.1,50.9,100.2,5.8,-9999,-9999,0.17,0.11,-9999
60747,145,34.7583389,-114.1663170,9722,-9999,30970,30246,273.2,464.4,290.2,0.78,1.1,94.7,91.8,-2.9,1.2,-0.2,-41.4,330.9,-9999,-13.0,33.0,287.84,871.30,36.8,252.3,38.1,50.9,100.2,5.8,-9999,-9999,0.17,0.11,-9999
60748,145,34.7583389,-114.1633987,9723,-9999,30976,30242,273.2,464.6,290.2,0.78,1.3,94.7,91.8,-2.9,1.2,-0.2,-41.4,330.9,-9999,-13.0,33.0,287.76,871.43,36.7,252.0,38.1,50.9,100.2,5.6,-9999,-9999,0.17,0.11,-9999
60749,145,34.7581673,-114.1604805,9725,-9999,30981,30197,273.4,464.8,290.4,0.78,1.5,94.7,91.8,-3.0,1.2,-0.1,-41.4,331.0,-9999,-12.9,32.9,287.69,871.30,36.7,252.0,38.1,51.0,100.2,5.5,-9999,-9999,0.17,0.11,-9999
60750,145,34.7581673,-114.1573906,9726,-9999,30986,30231,273.5,465.0,290.6,0.78,1.5,94.7,91.7,-3.0,1.2,0.0,-41.4,331.0,-9999,-12.9,32.9,287.63,870.80,36.7,252.1,38.1,51.0,100.2,5.7,-9999,-9999,0.17,0.11,-9999
60751,145,34.7581673,-114.1544724,9728,-9999,30991,30229,273.6,465.4,290.8,0.78,1.5,94.7,91.7,-3.0,1.2,-0.1,-41.4,330.9,-9999,-12.9,32.8,287.56,871.43,36.6,252.1,38.0,51.0,100.2,5.9,-9999,-9999,0.17,0.11,-9999
60752,145,34.7579956,-114.1515541,9729,-9999,30996,30207,273.7,465.8,291.0,0.79,1.5,94.7,91.7,-2.9,1.2,-0.2,-41.5,330.9,-9999,-12.9,32.7,287.50,871.05,36.6,252.0,38.0,51.0,100.2,5.9,-9999,-9999,0.17,0.11,-9999
60753,145,34.7579956,-114.1484642,9731,-9999,31000,30220,273.9,465.9,291.1,0.79,1.5,94.7,91.7,-3.0,1.2,-0.2,-41.5,330.9,-9999,-12.9,32.6,287.44,870.93,36.7,251.8,38.0,51.0,100.2,5.7,-9999,-9999,0.16,0.11,-9999
60754,145,34.7578239,-114.1455460,9732,-9999,31005,30158,273.9,466.2,291.3,0.79,1.4,94.7,91.7,-3.0,1.2,-0.1,-41.5,330.9,-9999,-12.9,32.6,287.38,871.43,36.6,251.7,38.0,51.0,100.2,5.6,-9999,-9999,0.16,0.11,-9999
60755,145,34.7578239,-114.1424561,9734,-9999,31009,30208,273.9,466.4,291.4,0.79,1.4,94.7,91.7,-3.0,1.2,0.0,-41.6,330.9,-9999,-12.9,32.5,287.33,870.55,36.6,251.7,38.0,51.1,100.2,5.6,-9999,-9999,0.16,0.11,-9999
60756,145,34.7576523,-114.1395378,9736,-9999,31013,30208,274.1,466.4,291.4,0.79,1.3,94.7,91.7,-3.0,1.1,0.0,-41.6,330.9,-9999,-12.9,32.4,287.27,871.05,36.6,252.0,38.0,51.1,100.2,5.8,-9999,-9999,0.16,0.11,-9999
60757,145,34.7576523,-114.1366196,9737,-9999,31016,30151,274.2,466.3,291.3,0.79,1.1,94.6,91.7,-2.9,1.0,-0.2,-41.5,330.9,-9999,-12.9,32.3,287.23,870.42,36.6,252.5,38.0,51.2,100.2,6.0,-9999,-9999,0.16,0.11,-9999
60758,145,34.7576523,-114.1335297,9738,-9999,31018,30167,274.1,466.4,291.3,0.79,1.0,94.5,91.7,-2.9,1.0,-0.3,-41.6,330.9,-9999,-12.9,32.3,287.21,871.05,36.5,252.9,38.0,51.2,100.2,6.2,-9999,-9999,0.16,0.11,-9999
60759,145,34.7574806,-114.1306114,9739,-9999,31021,30120,274.1,466.4,291.3,0.79,0.8,94.5,91.7,-2.8,1.0,-0.4,-41.6,330.9,-9999,-12.9,32.2,287.17,870.93,36.5,252.7,38.0,51.2,100.2,6.3,-9999,-9999,0.16,0.11,-9999
60760,145,34.7574806,-114.1275215,9740,-9999,31025,30108,274.2,466.4,291.3,0.79,0.9,94.5,91.7,-2.8,1.0,-0.4,-41.6,330.9,-9999,-12.9,32.2,287.11,870.80,36.5,252.6,38.0,51.3,100.2,6.0,-9999,-9999,0.16,0.11,-9999
60761,145,34.7573090,-114.1246033,9741,-9999,31029,30126,274.3,466.4,291.3,0.79,1.0,94.5,91.6,-2.9,0.9,-0.1,-41.6,330.9,-9999,-12.9,32.2,287.06,870.80,36.7,252.4,38.0,51.4,100.2,5.7,-9999,-9999,0.16,0.11,-9999
60762,145,34.7573090,-114.1215134,9741,-9999,31031,30035,274.2,466.4,291.2,0.79,1.0,94.5,91.6,-2.9,0.8,0.1,-41.6,330.9,-9999,-12.9,32.2,287.03,870.67,36.6,252.3,38.0,51.5,100.2,5.7,-9999,-9999,0.16,0.11,-9999
60763,145,34.7573090,-114.1185951,9742,-9999,31034,30059,274.3,466.4,291.2,0.79,0.9,94.5,91.6,-2.9,0.8,0.1,-41.6,331.0,-9999,-12.9,32.3,287.00,870.93,36.8,252.2,38.0,51.5,100.3,5.7,-9999,-9999,0.16,0.11,-9999
60764,145,34.7571373,-114.1156769,9743,-9999,31037,30036,274.3,466.4,291.2,0.79,0.8,94.6,91.6,-2.9,0.8,0.1,-41.6,331.0,-9999,-12.9,32.3,286.96,870.80,36.8,252.1,38.0,51.5,100.3,5.5,-9999,-9999,0.16,0.11,-9999
60765,145,34.7571373,-114.1125870,9743,-9999,31038,30047,274.5,466.5,291.2,0.79,0.7,94.6,91.6,-2.9,0.8,0.2,-41.6,331.0,-9999,-12.9,32.4,286.94,870.80,36.9,252.1,38.0,51.5,100.3,5.4,-9999,-9999,0.16,0.11,-9999
60766,145,34.7569656,-114.1096687,9744,-9999,31040,30054,274.5,466.4,291.2,0.79,0.7,94.6,91.6,-2.9,0.7,0.3,-41.5,331.1,-9999,-12.8,32.4,286.92,871.05,37.0,252.0,38.0,51.6,100.3,5.3,-9999,-9999,0.17,0.11,-9999
60767,145,34.7569656,-114.1065788,9744,-9999,31040,30033,274.5,466.6,291.4,0.79,0.4,94.6,91.6,-2.9,0.7,0.4,-41.5,331.1,-9999,-12.8,32.4,286.92,870.93,36.8,252.1,38.0,51.6,100.3,5.4,-9999,-9999,0.16,0.11,-9999
60768,145,34.7569656,-114.1036606,9744,-9999,31041,29986,274.5,466.8,291.5,0.79,0.2,94.6,91.6,-2.9,0.7,0.3,-41.5,331.0,-9999,-12.8,32.4,286.90,870.67,36.8,252.0,37.9,51.7,100.3,5.5,-9999,-9999,0.16,0.11,-9999
60769,145,34.7567940,-114.1005707,9745,-9999,31042,29997,274.6,467.0,291.6,0.79,0.2,94.6,91.6,-2.9,0.7,0.2,-41.5,331.0,-9999,-12.8,32.3,286.89,870.80,36.9,251.9,37.9,51.7,100.3,5.5,-9999,-9999,0.16,0.11,-9999
60770,145,34.7567940,-114.0976524,9745,-9999,31042,29954,274.6,467.1,291.7,0.79,0.2,94.6,91.7,-3.0,0.6,0.2,-41.5,331.0,-9999,-12.8,32.2,286.89,870.80,36.9,251.8,37.9,51.7,100.3,5.5,-9999,-9999,0.16,0.11,-9999
60771,145,34.7566223,-114.0945625,9745,-9999,31042,29950,274.8,467.3,291.8,0.79,0.2,94.7,91.7,-3.0,0.6,0.2,-41.6,331.0,-9999,-12.8,32.1,286.89,870.67,36.9,251.6,37.9,51.8,100.3,5.4,-9999,-9999,0.16,0.11,-9999
60772,145,34.7566223,-114.0916443,9744,-9999,31043,29936,274.8,467.4,291.9,0.79,0.1,94.7,91.7,-3.0,0.6,0.3,-41.6,331.0,-9999,-12.8,32.1,286.88,870.80,37.0,251.5,37.9,51.8,100.3,5.3,-9999,-9999,0.16,0.11,-9999
60773,145,34.7564507,-114.0887260,9744,-9999,31043,29914,275.0,467.6,292.0,0.79,0.1,94.7,91.7,-3.0,0.5,0.4,-41.6,330.9,-9999,-12.8,32.0,286.88,870.80,37.1,251.5,37.9,51.8,100.3,5.3,-9999,-9999,0.16,0.11,-9999
60774,145,34.7564507,-114.0856361,9744,-9999,31042,29884,275.0,467.7,292.1,0.79,0.0,94.8,91.7,-3.0,0.5,0.3,-41.5,331.0,-9999,-12.7,31.9,286.89,870.67,37.0,251.3,37.9,51.8,100.3,5.3,-9999,-9999,0.16,0.11,-9999
60775,145,34.7564507,-114.0825462,9743,-9999,31042,29846,275.1,467.8,292.1,0.79,-0.1,94.8,91.7,-3.1,0.5,0.3,-41.5,331.0,-9999,-12.7,31.9,286.89,871.05,37.2,251.2,37.9,51.9,100.3,5.3,-9999,-9999,0.16,0.11,-9999
60776,145,34.7562790,-114.0796280,9743,-9999,31041,29863,275.1,467.9,292.2,0.79,-0.1,94.8,91.7,-3.1,0.5,0.3,-41.6,331.0,-9999,-12.7,31.9,286.90,870.29,37.1,251.1,37.9,51.9,100.3,5.2,-9999,-9999,0.16,0.11,-9999
60777,145,34.7562790,-114.0765381,9742,-9999,31040,29839,275.4,468.1,292.4,0.79,-0.2,94.8,91.7,-3.1,0.5,0.3,-41.6,331.0,-9999,-12.7,31.9,286.92,870.67,37.3,251.2,37.9,51.9,100.3,5.2,-9999,-9999,0.16,0.11,-9999
60778,145,34.7561073,-114.0736198,9742,-9999,31039,29813,275.4,468.2,292.5,0.79,-0.2,94.9,91.7,-3.1,0.5,0.3,-41.6,330.9,-9999,-12.7,31.9,286.93,870.29,37.2,251.0,37.9,51.9,100.3,5.3,-9999,-9999,0.16,0.11,-9999
60779,145,34.7561073,-114.0705299,9741,-9999,31037,29775,275.4,468.6,292.8,0.79,-0.3,94.9,91.8,-3.1,0.4,0.2,-41.6,330.9,-9999,-12.7,31.9,286.96,870.42,37.2,250.7,37.9,51.9,100.3,5.4,-9999,-9999,0.16,0.11,-9999
60780,145,34.7559357,-114.0676117,9741,-9999,31036,29754,275.5,468.6,292.8,0.79,-0.3,95.0,91.8,-3.2,0.4,0.1,-41.6,330.9,-9999,-12.7,31.9,286.97,871.18,37.4,250.4,37.9,51.9,100.3,5.3,-9999,-9999,0.16,0.11,-9999
60781,145,34.7559357,-114.0646935,9741,-9999,31037,29700,275.6,468.8,292.9,0.79,-0.2,95.1,91.8,-3.2,0.4,0.2,-41.6,330.8,-9999,-12.7,31.8,286.96,870.67,37.5,250.1,37.9,52.0,100.3,5.0,-9999,-9999,0.16,0.11,-9999
60782,145,34.7557640,-114.0616035,9740,-9999,31036,29726,275.7,469.0,293.1,0.79,-0.1,95.1,91.8,-3.3,0.4,0.4,-41.6,330.9,-9999,-12.6,31.7,286.97,870.55,37.5,250.1,37.9,52.0,100.4,5.0,-9999,-9999,0.16,0.11,-9999
60783,145,34.7557640,-114.0585136,9740,-9999,31034,29699,275.9,469.2,293.2,0.79,-0.2,95.1,91.8,-3.3,0.4,0.3,-41.6,330.9,-9999,-12.6,31.7,287.00,870.67,37.5,250.2,37.9,52.0,100.4,5.1,-9999,-9999,0.16,0.11,-9999
60784,145,34.7555923,-114.0555954,9740,-9999,31033,29675,275.9,469.3,293.3,0.79,-0.3,95.1,91.8,-3.3,0.4,0.3,-41.6,330.9,-9999,-12.6,31.6,287.01,870.80,37.6,250.1,37.9,52.0,100.4,5.1,-9999,-9999,0.16,0.11,-9999
60785,145,34.7555923,-114.0525055,9739,-9999,31032,29633,276.0,469.4,293.4,0.79,-0.2,95.1,91.8,-3.3,0.4,0.2,-41.6,330.8,-9999,-12.6,31.5,287.02,870.42,37.6,250.2,37.8,52.0,100.4,5.1,-9999,-9999,0.16,0.11,-9999
60786,145,34.7555923,-114.0495872,9739,-9999,31031,29603,276.1,469.5,293.4,0.79,-0.3,95.1,91.8,-3.3,0.4,0.2,-41.7,330.8,-9999,-12.6,31.4,287.03,870.42,37.6,250.5,37.8,52.0,100.4,5.3,-9999,-9999,0.16,0.11,-9999
60787,145,34.7554207,-114.0464973,9738,-9999,31028,29597,276.2,469.8,293.7,0.79,-0.4,95.0,91.8,-3.2,0.4,0.1,-41.7,330.8,-9999,-12.6,31.3,287.07,871.18,37.4,250.8,37.8,52.0,100.4,5.6,-9999,-9999,0.16,0.11,-9999
60788,145,34.7554207,-114.0435791,9737,-9999,31026,29563,276.3,469.9,293.8,0.79,-0.6,95.0,91.8,-3.2,0.4,-0.1,-41.7,330.7,-9999,-12.6,31.2,287.10,870.55,37.5,250.8,37.8,52.0,100.4,5.7,-9999,-9999,0.16,0.11,-9999
60789,145,34.7552490,-114.0404892,9737,-9999,31024,29516,276.5,470.2,293.9,0.79,-0.5,95.1,91.8,-3.2,0.4,-0.2,-41.7,330.7,-9999,-12.6,31.1,287.13,870.42,37.6,250.4,37.8,52.0,100.4,5.5,-9999,-9999,0.16,0.11,-9999
60790,145,34.7552490,-114.0375710,9736,-9999,31023,29524,276.5,470.2,294.0,0.79,-0.5,95.1,91.8,-3.3,0.4,0.0,-41.7,330.7,-9999,-12.6,31.1,287.14,870.67,37.6,250.2,37.8,52.1,100.4,5.3,-9999,-9999,0.16,0.11,-9999
60791,145,34.7550774,-114.0344810,9735,-9999,31022,29504,276.6,470.2,294.0,0.79,-0.4,95.1,91.8,-3.3,0.4,0.1,-41.7,330.7,-9999,-12.6,31.0,287.15,870.67,37.7,250.1,37.8,52.0,100.4,5.3,-9999,-9999,0.16,0.11,-9999
60792,145,34.7550774,-114.0313911,9735,-9999,31020,29453,276.6,470.3,294.1,0.79,-0.5,95.1,91.8,-3.3,0.4,0.1,-41.7,330.6,-9999,-12.6,31.0,287.18,870.42,37.8,250.1,37.8,52.0,100.4,5.3,-9999,-9999,0.16,0.11,-9999
60793,145,34.7549057,-114.0284729,9734,-9999,31019,29404,276.8,470.4,294.1,0.79,-0.4,95.1,91.8,-3.3,0.4,0.1,-41.7,330.8,-9999,-12.5,30.9,287.19,870.93,37.9,250.2,37.8,52.0,100.4,5.4,-9999,-9999,0.16,0.11,-9999
60794,145,34.7549057,-114.0253830,9734,-9999,31017,29410,276.8,470.6,294.2,0.79,-0.4,95.1,91.8,-3.3,0.4,0.0,-41.7,330.7,-9999,-12.5,30.9,287.22,870.29,37.8,250.2,37.8,52.0,100.4,5.4,-9999,-9999,0.16,0.11,-9999
60795,145,34.7547340,-114.0224648,9733,-9999,31016,29380,277.0,470.7,294.4,0.79,-0.4,95.1,91.8,-3.3,0.4,0.0,-41.7,330.7,-9999,-12.5,30.9,287.23,870.55,37.9,250.3,37.8,52.0,100.4,5.4,-9999,-9999,0.16,0.11,-9999
60796,145,34.7547340,-114.0193748,9733,-9999,31014,29357,277.0,470.8,294.5,0.79,-0.5,95.1,91.8,-3.3,0.4,0.0,-41.7,330.7,-9999,-12.5,30.9,287.26,870.80,37.9,250.3,37.8,52.0,100.4,5.3,-9999,-9999,0.16,0.11,-9999
60797,145,34.7545624,-114.0162849,9732,-9999,31012,29305,277.0,470.9,294.4,0.79,-0.5,95.1,91.8,-3.3,0.4,0.1,-41.7,330.6,-9999,-12.5,30.9,287.29,870.67,37.8,250.3,37.8,52.0,100.4,5.3,-9999,-9999,0.16,0.11,-9999
60798,145,34.7545624,-114.0133667,9732,-9999,31010,29297,277.2,470.9,294.5,0.79,-0.6,95.1,91.8,-3.3,0.5,0.1,-41.6,330.8,-9999,-12.4,30.8,287.31,870.29,37.9,250.3,37.8,52.0,100.4,5.3,-9999,-9999,0.16,0.11,-9999
60799,145,34.7543907,-114.0102768,9732,-9999,31009,29267,277.2,470.9,294.5,0.79,-0.5,95.2,91.8,-3.3,0.5,0.1,-41.6,330.8,-9999,-12.4,30.8,287.33,870.42,38.0,250.2,37.8,52.0,100.4,5.3,-9999,-9999,0.16,0.11,-9999
60800,145,34.7543907,-114.0073586,9731,-9999,31008,29227,277.3,470.9,294.6,0.79,-0.4,95.2,91.8,-3.3,0.5,0.1,-41.6,330.7,-9999,-12.4,30.7,287.34,871.05,38.1,250.2,37.8,52.0,100.4,5.2,-9999,-9999,0.16,0.11,-9999
60801,145,34.7543907,-114.0042686,9731,-9999,31008,29243,277.4,471.1,294.6,0.79,-0.2,95.2,91.9,-3.3,0.5,0.1,-41.6,330.7,-9999,-12.4,30.7,287.34,870.17,38.1,250.3,37.8,52.0,100.5,5.2,-9999,-9999,0.16,0.11,-9999
60802,145,34.7542191,-114.0013504,9731,-9999,31007,29185,277.4,471.1,294.6,0.79,-0.2,95.2,91.9,-3.3,0.5,0.1,-41.6,330.7,-9999,-12.4,30.6,287.35,870.29,38.2,250.3,37.7,52.0,100.5,5.2,-9999,-9999,0.16,0.11,-9999
60803,145,34.7542191,-113.9982605,9731,-9999,31007,29168,277.4,471.0,294.6,0.79,-0.1,95.2,91.9,-3.3,0.5,0.2,-41.6,330.7,-9999,-12.4,30.6,287.35,871.05,38.2,250.2,37.7,52.0,100.5,5.1,-9999,-9999,0.16,0.11,-9999
60804,145,34.7540474,-113.9951706,9731,-9999,31005,29116,277.5,471.0,294.6,0.79,-0.2,95.2,91.9,-3.3,0.5,0.2,-41.6,330.7,-9999,-12.4,30.6,287.38,870.80,38.3,250.1,37.7,52.0,100.5,5.0,-9999,-9999,0.16,0.11,-9999
60805,145,34.7540474,-113.9920807,9731,-9999,31004,29085,277.5,471.1,294.6,0.79,-0.3,95.3,91.9,-3.4,0.6,0.3,-41.6,330.7,-9999,-12.4,30.6,287.39,870.42,38.4,249.9,37.7,52.0,100.5,4.7,-9999,-9999,0.16,0.11,-9999
60806,145,34.7538757,-113.9891624,9731,-9999,31003,29117,277.5,470.9,294.5,0.79,-0.2,95.3,91.9,-3.4,0.6,0.5,-41.6,330.7,-9999,-12.4,30.6,287.40,870.67,38.5,250.0,37.7,52.0,100.5,4.7,-9999,-9999,0.16,0.11,-9999
60807,145,34.7538757,-113.9860725,9730,-9999,31003,29085,277.6,470.9,294.5,0.79,-0.2,95.3,91.9,-3.4,0.6,0.5,-41.6,330.7,-9999,-12.4,30.6,287.40,870.29,38.5,250.1,37.7,52.0,100.5,4.7,-9999,-9999,0.16,0.11,-9999
60808,145,34.7537041,-113.9831543,9730,-9999,31002,29044,277.6,471.0,294.6,0.79,-0.2,95.3,91.9,-3.4,0.6,0.5,-41.6,330.7,-9999,-12.4,30.6,287.42,870.17,38.5,250.0,37.7,51.9,100.5,4.8,-9999,-9999,0.16,0.11,-9999
60809,145,34.7537041,-113.9800644,9730,-9999,31001,29037,277.7,470.9,294.5,0.79,-0.2,95.3,91.9,-3.4,0.6,0.4,-41.6,330.7,-9999,-12.4,30.6,287.43,870.42,38.6,250.1,37.7,51.9,100.5,4.8,-9999,-9999,0.16,0.11,-9999
