mdx/test/fixtures/CPEXCV_MetNav_DC8_20220902_R0.ict
76, 1001
Project Office
National Suborbital Research Center [Bay Area Environmental Research Institute @ NASA Ames Research Center]
N817NA Meteorological and Navigation Facility Instrumentation
CPEX-CV
1,1
2022,09,02,2022,09,04
1
Time_Start, seconds (from midnight UTC)
35
1,1,1,1,1,1,1,1,1,1,1,1,1,1,1,1,1,1,1,1,1,1,1,1,1,1,1,1,1,1,1,1,1,1,1
-9999,-9999,-9999,-9999,-9999,-9999,-9999,-9999,-9999,-9999,-9999,-9999,-9999,-9999,-9999,-9999,-9999,-9999,-9999,-9999,-9999,-9999,-9999,-9999,-9999,-9999,-9999,-9999,-9999,-9999,-9999,-9999,-9999,-9999,-9999
Day_Of_Year, day, None, calendar day beginning January 1
Latitude, deg, Platform_Latitude_InSitu_None
Longitude, deg, Platform_Longitude_InSitu_None
MSL_GPS_Altitude, m, Platform_AltitudeMSL_InSitu_None
HAE_GPS_Altitude, m, Platform_AltitudeEllipsoid_InSitu_None, reference WGS-84
Pressure_Altitude, ft, Platform_AltitudePressure_InSitu_None
Radar_Altitude, ft, Platform_AltitudeAGL_InSitu_None
Ground_Speed, m/s, Platform_GroundSpeed_InSitu_None
True_Air_Speed, kts, Platform_AircraftTrueAirSpeed_InSitu_None
Indicated_Air_Speed, kts, Platform_AircraftIndicatedAirSpeed_InSitu_None
Mach_Number, mach, None
Vertical_Speed, m/s, None
True_Heading, deg 0-360, Platform_HeadingTrue_InSitu_None, cw from +y
Track_Angle, deg 0-360, Platform_TrackAngle_InSitu_None, cw from +y
Drift_Angle, deg +-180, Platform_DriftAngle_InSitu_None, cw from +y
Pitch_Angle, deg +-180, Platform_PitchAngle_InSitu_None, up+
Roll_Angle, deg +-180, Platform_RollAngle_InSitu_None, rt+
Static_Air_Temp, degrees Celcius, Met_StaticAirTemperature_InSitu_None
Potential_Temp, Kelvin, Met_PotentialTemperature_InSitu_None
DewFrost_Point, degrees Celcius, Met_DewPoint_InSitu_None
Total_Air_Temp, degrees Celcius, None
IR_Surf_Temp, degrees Celcius, Met_SufaceTemperature_InSitu_None
Static_Pressure, hPa, Met_StaticPressure_InSitu_None
Cabin_Pressure, hPa, None
Wind_Speed, m/s, Met_WindSpeed_InSitu_None, limited to where Roll_Angle does not exceed 5 degrees
Wind_Direction, deg 0-360 cw from +y, Met_WindDirection_InSitu_None, limited to where Roll_Angle does not exceed 5 degrees
Solar_Zenith_Angle, deg, Platform_SolarZenithAngle_InSitu_None
Aircraft_Sun_Elevation, deg, None
Sun_Azimuth, deg, Platform_SolarAzimuthAngle_InSitu_None
Aircraft_Sun_Azimuth, deg, None
Mixing_Ratio, g/kg, Met_H2OMR_InSitu_None
Part_Press_Water_Vapor, hPa, Met_PartialPressureH2O_InSitu_None
Sat_Vapor_Press_H2O, hPa, Met_SatVaporPressureH2OWater_InSitu_None
Sat_Vapor_Press_Ice, hPa, Met_SatVaporPressureH2OIce_InSitu_None
Relative_Humidity, percent, Met_RelativeHumidityWater_InSitu_None
0
27
PI_CONTACT_INFO: NSRC MetNav PI - Ryan Bennett - joseph.r.bennett@nasa.gov & r.bennett@baeri.org.
Platform: NASA DC-8 N817NA
LOCATION: Included in data records
ASSOCIATED_DATA: This flight represents the CPEX-CV transit flight #01 from Palmdale, CA to Dulles, VA.
INSTRUMENT_INFO: 
	Position, attitude, ground speed, and vertical speed from LN251
	Wind_Speed and Wind_Direction calculated from LN251, Aircraft Data System-85
	Radar_Altitude from APN-232
	Total_Air_Temperature from Rosemount 102 type deiced
	IR_Surface_Temp from KT-19.85
    Cabin_Pressure from MKS Baratron 220D
	DewFrost_Point and calculated water vapor parameters from Buck Hygrometer
[...]
ULOD_FLAG:-7777
ULOD_VALUE:366,90,180,N/A,N/A,57343,65000,N/A,600,510,0.99,104.04,360,360,180,180,180,60,N/A,90,99,200,N/A,1333.22,N/A,360,N/A,N/A,N/A,N/A,N/A,N/A,N/A,N/A,N/A
LLOD_FLAG:-8888
LLOD_VALUE:0,-90,-180,N/A,N/A,-1871,0,0,0,0,0,-104.04,0,0,-180,-180,-180,-99,N/A,-60,-60,-50,N/A,0.66,0,0,N/A,N/A,N/A,N/A,N/A,N/A,N/A,N/A,N/A
DM_CONTACT_INFO: Ryan Bennett - joseph.r.bennett@nasa.gov & r.bennett@baeri.org.
PROJECT_INFO: N/A
STIPULATIONS_ON_USE: Please first contact the PI/data manager with questions before use.
OTHER_COMMENTS: Wind Speed and Wind Direction flagged where Roll_Angle exceeds 5 degrees. 
REVISION: R0
R0: Preliminary public release data; will submit another update using experimenter TAT and pressure.
RA: Preliminary field data with limits of detection applied; Obvious hygrometer malfunctions flagged within this preliminary set. 
Time_Start,Day_Of_Year,Latitude,Longitude,MSL_GPS_Altitude,HAE_GPS_Altitude,Pressure_Altitude,Radar_Altitude,Ground_Speed,True_Air_Speed,Indicated_Air_Speed,Mach_Number,Vertical_Speed,True_Heading,Track_Angle,Drift_Angle,Pitch_Angle,Roll_Angle,Static_Air_Temp,Potential_Temp,DewFrost_Point,Total_Air_Temp,IR_Surf_Temp,Static_Pressure,Cabin_Pressure,Wind_Speed,Wind_Direction,Solar_Zenith_Angle,Aircraft_Sun_Elevation,Sun_Azimuth,Aircraft_Sun_Azimuth,Mixing_Ratio,Part_Press_Water_Vapor,Sat_Vapor_Press_H2O,Sat_Vapor_Press_Ice,Relative_Humidity
[from data line 12941]
70688,245,38.4383343,-82.5528794,12478,12442.5,38974,40066.5,250.54,460.62,248.88,0.805,-0.4,98.46,97.74,-0.7,1.06,0.02,-57.75,342.8,-8888,-29.8,-0.6,197.02,787.2,13.9,265.5,42.0,48.7,-128.7,132.3,-9999,-9999,0.03,0.01,-9999
70689,245,38.4380310,-82.5500415,12478,12442.1,38969,40036.5,250.52,460.06,248.56,0.804,-0.2,98.50,97.71,-0.8,1.12,-0.82,-57.75,342.8,-8888,-29.8,-0.4,197.07,787.1,14.2,264.5,42.0,48.1,-128.7,131.7,-9999,-9999,0.03,0.01,-9999
70690,245,38.4377301,-82.5472037,12478,12442.0,38967,40051.5,250.48,459.75,248.38,0.804,-0.1,98.63,97.66,-1.0,1.07,-0.76,-57.50,343.1,-8888,-29.8,-0.1,197.08,787.3,14.6,261.7,42.0,48.1,-128.7,131.6,-9999,-9999,0.03,0.02,-9999
70691,245,38.4374310,-82.5443659,12478,12441.8,38969,40022.5,250.47,459.81,248.38,0.804,-0.2,98.72,97.64,-1.1,1.01,-0.27,-57.50,343.2,-8888,-29.8,0.0,197.07,787.1,14.7,259.9,42.0,48.4,-128.7,132.0,-9999,-9999,0.03,0.02,-9999
70692,245,38.4371315,-82.5415282,12479,12441.7,38970,40042.5,250.45,459.69,248.25,0.803,-0.1,98.89,97.64,-1.2,1.07,-0.21,-57.50,343.2,-8888,-29.8,-0.2,197.06,787.3,14.9,257.5,42.0,48.5,-128.7,131.8,-9999,-9999,0.03,0.02,-9999
70693,245,38.4368314,-82.5386908,12479,12441.6,38971,40001.0,250.43,459.12,247.94,0.803,-0.1,98.88,97.66,-1.2,1.06,0.52,-57.50,343.2,-8888,-29.8,-0.5,197.05,786.9,15.2,258.2,42.0,49.0,-128.7,132.3,-9999,-9999,0.03,0.02,-9999
70694,245,38.4365305,-82.5358539,12479,12441.6,38971,39964.0,250.41,458.00,247.19,0.800,-0.1,98.78,97.69,-1.1,1.03,0.65,-57.50,343.2,-8888,-29.8,-0.2,197.05,787.2,15.5,261.0,42.0,49.1,-128.7,132.5,-9999,-9999,0.03,0.02,-9999
70695,245,38.4362284,-82.5330174,12479,12441.5,38968,39951.5,250.39,458.75,247.75,0.802,-0.1,98.76,97.71,-1.0,1.10,0.00,-57.50,343.2,-8888,-29.8,0.4,197.08,787.0,15.1,261.1,42.0,48.7,-128.7,132.1,-9999,-9999,0.03,0.02,-9999
70696,245,38.4359263,-82.5301810,12479,12441.4,38966,39910.0,250.37,458.62,247.75,0.802,0.1,98.75,97.70,-1.1,1.11,-0.22,-57.50,343.1,-8888,-30.0,1.5,197.09,787.1,15.1,261.0,42.0,48.5,-128.7,131.9,-9999,-9999,0.03,0.02,-9999
70697,245,38.4356253,-82.5273449,12479,12441.5,38968,39917.5,250.34,458.81,247.88,0.802,0.0,98.65,97.69,-1.0,1.08,-0.11,-57.50,343.2,-8888,-30.0,4.0,197.08,786.9,14.9,262.3,42.0,48.6,-128.7,132.1,-9999,-9999,0.03,0.02,-9999
70698,245,38.4353244,-82.5245090,12479,12441.5,38969,39943.5,250.32,458.69,247.75,0.802,0.0,98.60,97.69,-0.9,1.14,-0.25,-57.50,343.2,-8888,-30.0,7.2,197.07,787.3,14.9,263.1,42.1,48.5,-128.6,132.0,-9999,-9999,0.03,0.02,-9999
70699,245,38.4350233,-82.5216735,12478,12441.5,38968,39958.0,250.30,457.75,247.19,0.800,-0.1,98.58,97.69,-0.9,1.11,0.08,-57.50,343.2,-8888,-30.0,9.4,197.08,787.1,15.3,263.9,42.1,48.6,-128.6,132.2,-9999,-9999,0.03,0.02,-9999
70700,245,38.4347225,-82.5188381,12478,12441.5,38965,39972.0,250.27,458.25,247.50,0.801,0.0,98.62,97.67,-1.0,1.11,-0.60,-57.50,343.1,-8888,-30.0,10.9,197.10,787.2,15.1,262.6,42.1,48.2,-128.6,131.8,-9999,-9999,0.03,0.02,-9999
70701,245,38.4344226,-82.5160029,12478,12441.5,38965,39975.0,250.24,458.62,247.81,0.802,0.0,98.69,97.65,-1.0,1.13,-0.26,-57.75,342.7,-8888,-30.0,12.1,197.10,787.2,15.0,261.0,42.1,48.5,-128.6,132.0,-9999,-9999,0.03,0.01,-9999
70702,245,38.4341233,-82.5131679,12478,12441.6,38966,39775.0,250.22,459.38,248.25,0.803,0.1,98.70,97.64,-1.1,1.06,0.06,-57.75,342.7,-8888,-30.0,12.6,197.09,787.0,14.6,260.3,42.1,48.7,-128.6,132.3,-9999,-9999,0.03,0.01,-9999
70703,245,38.4338237,-82.5103333,12479,12441.6,38966,40070.5,250.19,459.62,248.50,0.804,0.0,98.74,97.66,-1.1,1.12,0.05,-57.75,342.7,-8888,-30.0,12.8,197.09,787.1,14.5,259.6,42.1,48.6,-128.6,132.1,-9999,-9999,0.03,0.01,-9999
70704,245,38.4335236,-82.5074992,12479,12441.7,38966,40124.5,250.16,459.00,248.00,0.803,0.1,98.80,97.66,-1.1,1.16,-0.16,-57.75,342.7,-8888,-30.0,13.1,197.09,787.3,14.8,259.2,42.1,48.6,-128.6,131.9,-9999,-9999,0.03,0.01,-9999
70705,245,38.4332240,-82.5046654,12479,12441.9,38967,40022.5,250.12,459.00,248.00,0.803,0.2,98.80,97.66,-1.1,1.12,0.07,-57.75,342.7,-8888,-30.0,13.4,197.08,787.3,14.8,259.1,42.1,48.6,-128.6,132.0,-9999,-9999,0.03,0.01,-9999
70706,245,38.4329245,-82.5018321,12479,12442.1,38967,40064.5,250.08,459.06,248.00,0.803,0.2,98.85,97.66,-1.2,1.13,-0.18,-57.75,342.7,-8888,-30.0,13.5,197.08,787.2,14.8,258.3,42.1,48.5,-128.6,131.9,-9999,-9999,0.03,0.01,-9999
70707,245,38.4326248,-82.4989991,12480,12442.3,38966,40113.0,250.05,459.62,248.50,0.804,0.3,99.01,97.66,-1.3,1.13,-0.12,-57.75,342.7,-8888,-30.0,14.0,197.09,787.1,14.7,255.5,42.1,48.6,-128.6,131.8,-9999,-9999,0.03,0.01,-9999
70708,245,38.4323249,-82.4961666,12480,12442.6,38968,40128.5,250.01,459.94,248.56,0.804,0.3,99.12,97.67,-1.5,1.08,0.23,-57.75,342.8,-8888,-29.8,14.8,197.08,787.3,14.8,253.7,42.1,48.8,-128.6,132.0,-9999,-9999,0.03,0.01,-9999
70709,245,38.4320245,-82.4933347,12480,12442.9,38970,40152.5,249.97,460.06,248.69,0.804,0.3,99.19,97.70,-1.5,1.12,0.41,-57.75,342.8,-8888,-29.8,15.8,197.06,787.2,14.7,252.9,42.1,48.9,-128.5,132.0,-9999,-9999,0.03,0.01,-9999
70710,245,38.4317227,-82.4905035,12480,12443.2,38971,40061.0,249.93,459.38,248.19,0.803,0.3,99.13,97.74,-1.4,1.08,0.93,-57.50,343.2,-8888,-29.8,16.2,197.05,786.9,14.8,255.0,42.1,49.3,-128.5,132.5,-9999,-9999,0.03,0.02,-9999
70711,245,38.4314190,-82.4876729,12480,12443.4,38973,40077.5,249.90,459.00,247.88,0.802,0.2,98.97,97.79,-1.2,1.07,0.93,-57.50,343.2,-8888,-29.8,16.0,197.03,787.2,14.7,258.3,42.1,49.3,-128.5,132.6,-9999,-9999,0.03,0.02,-9999
70712,245,38.4311136,-82.4848430,12480,12443.6,38973,40117.0,249.88,458.75,247.69,0.802,0.2,98.80,97.82,-1.0,1.11,0.42,-57.50,343.2,-8888,-29.8,15.1,197.03,787.3,14.5,261.7,42.1,48.9,-128.5,132.4,-9999,-9999,0.03,0.02,-9999
70713,245,38.4308078,-82.4820135,12480,12443.8,38972,40147.5,249.85,458.62,247.56,0.802,0.2,98.60,97.82,-0.8,1.13,-0.24,-57.50,343.2,-8888,-29.8,14.0,197.04,787.0,14.3,264.8,42.1,48.5,-128.5,132.1,-9999,-9999,0.03,0.02,-9999
70714,245,38.4305033,-82.4791842,12480,12443.9,38971,39996.5,249.83,458.25,247.38,0.801,0.2,98.45,97.78,-0.7,1.15,-0.92,-57.50,343.2,-8888,-29.8,14.0,197.05,786.9,14.4,266.7,42.1,48.0,-128.5,131.8,-9999,-9999,0.03,0.02,-9999
70715,245,38.4302005,-82.4763547,12481,12444.1,38971,40033.0,249.80,457.88,247.12,0.800,0.2,98.48,97.73,-0.8,1.11,-0.93,-57.50,343.2,-8888,-29.8,14.3,197.05,787.0,14.6,265.5,42.1,47.9,-128.5,131.8,-9999,-9999,0.03,0.02,-9999
70716,245,38.4298994,-82.4735252,12481,12444.2,38971,40108.5,249.79,457.56,246.94,0.800,0.1,98.59,97.69,-0.9,1.00,-0.57,-57.50,343.2,-8888,-29.8,14.7,197.05,787.4,14.9,263.3,42.1,48.1,-128.5,132.1,-9999,-9999,0.03,0.02,-9999
70717,245,38.4295992,-82.4706956,12481,12444.2,38975,40078.5,249.79,457.12,246.69,0.799,-0.1,98.66,97.67,-1.0,1.03,-0.53,-57.50,343.2,-8888,-30.0,15.2,197.01,786.9,15.2,262.2,42.1,48.1,-128.5,132.0,-9999,-9999,0.03,0.02,-9999
70718,245,38.4292993,-82.4678660,12482,12444.1,38975,40142.5,249.79,457.25,246.75,0.799,-0.2,98.83,97.66,-1.2,1.06,-0.35,-57.50,343.2,-8888,-30.0,15.7,197.01,787.3,15.4,259.5,42.1,48.3,-128.5,132.0,-9999,-9999,0.03,0.02,-9999
70719,245,38.4289999,-82.4650366,12482,12443.9,38976,40162.0,249.78,457.31,246.81,0.799,-0.2,98.98,97.66,-1.3,1.03,0.02,-57.50,343.2,-8888,-30.0,16.4,197.00,787.3,15.6,257.3,42.1,48.5,-128.5,132.1,-9999,-9999,0.03,0.02,-9999
70720,245,38.4287003,-82.4622074,12481,12443.7,38977,40182.0,249.77,457.50,247.00,0.800,-0.2,99.04,97.68,-1.4,1.03,0.35,-57.50,343.2,-8888,-30.0,16.9,196.99,787.2,15.5,256.5,42.1,48.8,-128.5,132.3,-9999,-9999,0.03,0.02,-9999
70721,245,38.4283995,-82.4593783,12481,12443.5,38975,40104.0,249.76,457.38,246.88,0.799,-0.2,99.06,97.71,-1.3,1.04,0.58,-57.50,343.2,-8888,-30.0,16.9,197.01,787.3,15.5,256.9,42.1,49.0,-128.4,132.5,-9999,-9999,0.03,0.02,-9999
70722,245,38.4280973,-82.4565495,12480,12443.2,38974,40141.0,249.74,457.75,247.12,0.800,-0.3,99.11,97.75,-1.4,1.03,0.56,-57.50,343.2,-8888,-30.0,17.3,197.02,787.3,15.4,256.4,42.2,48.9,-128.4,132.4,-9999,-9999,0.03,0.02,-9999
70723,245,38.4277939,-82.4537212,12479,12442.9,38972,40098.5,249.73,457.69,247.12,0.800,-0.3,99.13,97.78,-1.4,1.04,0.52,-57.50,343.2,-8888,-30.0,18.0,197.04,787.1,15.4,256.6,42.2,48.9,-128.4,132.4,-9999,-9999,0.03,0.02,-9999
70724,245,38.4274897,-82.4508932,12479,12442.6,38970,40127.5,249.71,457.56,247.06,0.800,-0.3,99.09,97.80,-1.3,1.05,0.36,-57.50,343.2,-8888,-30.0,18.8,197.06,787.0,15.3,257.6,42.2,48.8,-128.4,132.3,-9999,-9999,0.03,0.02,-9999
70725,245,38.4271849,-82.4480656,12478,12442.3,38969,40138.5,249.68,457.56,247.06,0.800,-0.3,99.10,97.81,-1.3,1.07,0.03,-57.50,343.2,-8888,-30.0,18.7,197.07,787.1,15.3,257.6,42.2,48.5,-128.4,132.0,-9999,-9999,0.03,0.02,-9999
70726,245,38.4268800,-82.4452383,12479,12442.1,38966,40057.0,249.65,458.19,247.50,0.801,-0.2,99.06,97.81,-1.3,1.09,-0.13,-57.50,343.1,-8888,-30.0,18.1,197.09,787.3,14.9,257.6,42.2,48.4,-128.4,131.9,-9999,-9999,0.03,0.02,-9999
70727,245,38.4265754,-82.4424115,12479,12441.9,38964,40100.0,249.62,458.56,247.75,0.802,-0.1,98.96,97.80,-1.2,1.09,-0.27,-57.75,342.7,-8888,-30.0,16.2,197.11,787.3,14.6,258.6,42.2,48.3,-128.4,131.9,-9999,-9999,0.03,0.01,-9999
70728,245,38.4262714,-82.4395849,12479,12441.9,38964,40156.0,249.58,457.94,247.38,0.801,0.0,98.76,97.78,-1.0,1.11,-0.48,-57.75,342.7,-8888,-30.0,13.4,197.11,787.3,14.6,261.7,42.2,48.2,-128.4,131.9,-9999,-9999,0.03,0.01,-9999
70729,245,38.4259684,-82.4367586,12479,12441.9,38962,40112.0,249.55,457.75,247.19,0.800,0.1,98.51,97.73,-0.8,1.14,-0.98,-57.50,343.1,-8888,-30.0,12.8,197.13,787.2,14.4,265.0,42.2,47.8,-128.4,131.8,-9999,-9999,0.03,0.02,-9999
70730,245,38.4256677,-82.4339324,12480,12442.0,38961,40144.0,249.50,458.06,247.38,0.801,0.2,98.27,97.67,-0.6,1.14,-1.42,-57.50,343.1,-8888,-30.0,16.6,197.14,787.0,14.1,267.5,42.2,47.5,-128.4,131.7,-9999,-9999,0.03,0.02,-9999
70731,245,38.4253701,-82.4311061,12479,12442.2,38960,40143.0,249.46,457.50,247.00,0.800,0.1,98.21,97.59,-0.6,1.15,-1.64,-57.50,343.1,-8888,-30.0,21.7,197.15,787.0,14.3,267.4,42.2,47.4,-128.4,131.7,-9999,-9999,0.03,0.02,-9999
70732,245,38.4250757,-82.4282797,12479,12442.3,38961,40066.0,249.43,457.31,246.88,0.799,0.0,98.31,97.51,-0.8,1.12,-1.41,-57.50,343.1,-8888,-30.0,23.5,197.14,787.2,14.6,264.4,42.2,47.5,-128.4,131.8,-9999,-9999,0.03,0.02,-9999
70733,245,38.4247840,-82.4254533,12479,12442.2,38965,40029.0,249.38,457.75,247.25,0.800,-0.1,98.41,97.45,-1.0,1.07,-0.89,-57.50,343.1,-8888,-30.0,23.8,197.10,786.9,14.5,261.5,42.2,47.8,-128.3,132.1,-9999,-9999,0.03,0.02,-9999
70734,245,38.4244939,-82.4226272,12478,12442.2,38965,40088.5,249.35,457.75,247.19,0.800,-0.1,98.44,97.42,-1.0,1.04,-0.44,-57.50,343.1,-8888,-30.0,24.6,197.10,787.1,14.5,260.6,42.2,48.2,-128.3,132.4,-9999,-9999,0.03,0.02,-9999
70735,245,38.4242045,-82.4198013,12478,12442.1,38966,40167.0,249.31,456.94,246.69,0.799,-0.1,98.45,97.40,-1.1,1.12,-0.24,-57.50,343.1,-8888,-30.0,25.6,197.09,787.1,14.9,260.6,42.2,48.3,-128.3,132.5,-9999,-9999,0.03,0.02,-9999
70736,245,38.4239158,-82.4169759,12478,12442.1,38964,40126.0,249.27,456.81,246.62,0.799,0.0,98.54,97.39,-1.1,1.13,0.05,-57.50,343.1,-8888,-30.0,25.8,197.11,787.3,15.1,259.2,42.2,48.5,-128.3,132.6,-9999,-9999,0.03,0.02,-9999
70737,245,38.4236274,-82.4141509,12478,12442.1,38966,40138.5,249.22,456.56,246.44,0.798,0.1,98.72,97.39,-1.3,1.13,0.13,-57.50,343.1,-8888,-30.0,25.7,197.09,787.1,15.4,256.7,42.2,48.6,-128.3,132.6,-9999,-9999,0.03,0.02,-9999
70738,245,38.4233390,-82.4113264,12478,12442.2,38968,40112.5,249.18,456.31,246.25,0.798,0.1,98.88,97.41,-1.5,1.13,0.44,-57.50,343.2,-8888,-30.0,25.7,197.08,787.1,15.7,254.9,42.2,48.8,-128.3,132.6,-9999,-9999,0.03,0.02,-9999
70739,245,38.4230498,-82.4085025,12479,12442.2,38971,40131.5,249.13,455.94,246.00,0.797,0.0,98.96,97.44,-1.5,1.15,0.72,-57.50,343.2,-8888,-30.0,25.2,197.05,786.9,15.9,254.4,42.2,49.0,-128.3,132.7,-9999,-9999,0.03,0.02,-9999
70740,245,38.4227591,-82.4056794,12479,12442.2,38972,40104.5,249.09,455.62,245.81,0.796,0.0,99.00,97.48,-1.5,1.15,0.87,-57.50,343.2,-8888,-30.0,25.5,197.04,787.0,16.0,254.6,42.2,49.2,-128.3,132.8,-9999,-9999,0.03,0.02,-9999
70741,245,38.4224668,-82.4028572,12479,12442.2,38972,40134.5,249.04,455.12,245.50,0.795,0.0,99.05,97.52,-1.5,1.16,0.79,-57.50,343.2,-8888,-30.2,26.4,197.04,787.0,16.2,254.9,42.2,49.1,-128.3,132.7,-9999,-9999,0.03,0.02,-9999
70742,245,38.4221732,-82.4000358,12479,12442.2,38971,40198.0,248.99,455.25,245.56,0.795,0.0,99.09,97.56,-1.5,1.18,0.72,-57.50,343.2,-8888,-30.2,26.1,197.05,786.9,16.1,254.7,42.2,49.1,-128.3,132.6,-9999,-9999,0.03,0.02,-9999
70743,245,38.4218784,-82.3972152,12479,12442.1,38971,40147.0,248.94,455.06,245.44,0.795,0.0,99.12,97.59,-1.5,1.17,0.64,-57.50,343.2,-8888,-30.2,24.6,197.05,787.2,16.2,254.8,42.2,49.0,-128.3,132.5,-9999,-9999,0.03,0.02,-9999
70744,245,38.4215825,-82.3943953,12479,12442.1,38970,40156.0,248.90,454.75,245.25,0.795,0.0,99.14,97.61,-1.5,1.17,0.51,-57.50,343.2,-8888,-30.2,23.3,197.06,786.9,16.3,255.0,42.2,48.9,-128.3,132.4,-9999,-9999,0.03,0.02,-9999
70745,245,38.4212857,-82.3915760,12478,12442.1,38971,40156.5,248.86,454.50,245.06,0.794,0.0,99.16,97.64,-1.5,1.17,0.51,-57.50,343.2,-8888,-30.2,22.2,197.05,787.0,16.3,255.3,42.2,48.9,-128.2,132.4,-9999,-9999,0.03,0.02,-9999
70746,245,38.4209881,-82.3887574,12478,12442.1,38970,40176.0,248.81,454.81,245.31,0.795,-0.1,99.15,97.66,-1.5,1.17,0.42,-57.50,343.2,-8888,-30.2,22.4,197.06,786.8,16.1,255.4,42.3,48.8,-128.2,132.3,-9999,-9999,0.03,0.02,-9999
70747,245,38.4206895,-82.3859394,12478,12442.0,38970,40145.0,248.77,454.12,244.94,0.794,-0.1,99.11,97.68,-1.4,1.18,0.44,-57.50,343.2,-8888,-30.2,23.4,197.06,787.0,16.3,256.7,42.3,48.8,-128.2,132.4,-9999,-9999,0.03,0.02,-9999
70748,245,38.4203902,-82.3831221,12478,12441.8,38969,40140.5,248.73,454.12,244.81,0.794,-0.1,99.11,97.70,-1.4,1.17,0.18,-57.50,343.2,-8888,-30.2,22.3,197.07,787.2,16.2,256.9,42.3,48.6,-128.2,132.2,-9999,-9999,0.03,0.02,-9999
70749,245,38.4200906,-82.3803052,12477,12441.7,38969,40188.0,248.69,454.00,244.81,0.794,-0.1,99.13,97.70,-1.4,1.19,0.03,-57.50,343.2,-8888,-30.2,20.5,197.07,786.9,16.3,256.7,42.3,48.5,-128.2,132.1,-9999,-9999,0.03,0.02,-9999
70750,245,38.4197910,-82.3774888,12477,12441.6,38969,40192.5,248.66,453.56,244.50,0.793,-0.1,99.15,97.70,-1.4,1.19,0.07,-57.50,343.2,-8888,-30.2,19.6,197.07,786.9,16.5,256.7,42.3,48.6,-128.2,132.1,-9999,-9999,0.03,0.02,-9999
70751,245,38.4194913,-82.3746728,12477,12441.5,38969,40152.0,248.62,453.44,244.50,0.793,-0.2,99.21,97.71,-1.5,1.18,0.22,-57.50,343.2,-8888,-30.5,19.4,197.07,786.8,16.6,256.2,42.3,48.7,-128.2,132.2,-9999,-9999,0.03,0.02,-9999
70752,245,38.4191909,-82.3718574,12477,12441.3,38969,40148.0,248.58,453.81,244.75,0.793,-0.1,99.19,97.73,-1.5,1.15,0.45,-57.50,343.2,-8888,-30.5,19.4,197.07,786.9,16.3,256.4,42.3,48.8,-128.2,132.4,-9999,-9999,0.03,0.02,-9999
70753,245,38.4188896,-82.3690425,12477,12441.1,38969,40181.5,248.55,453.62,244.62,0.793,-0.2,99.16,97.76,-1.4,1.17,0.33,-57.50,343.2,-8888,-30.5,19.5,197.07,786.9,16.3,257.3,42.3,48.7,-128.2,132.3,-9999,-9999,0.03,0.02,-9999
70754,245,38.4185874,-82.3662282,12477,12441.0,38968,40126.5,248.51,453.62,244.62,0.793,-0.1,99.20,97.77,-1.4,1.20,0.03,-57.50,343.2,-8888,-30.5,19.6,197.08,786.8,16.3,256.9,42.3,48.5,-128.2,132.1,-9999,-9999,0.03,0.02,-9999
70755,245,38.4182854,-82.3634145,12477,12440.9,38967,40101.0,248.47,453.38,244.44,0.792,-0.1,99.24,97.77,-1.5,1.24,0.08,-57.50,343.1,-8888,-30.5,19.9,197.08,787.0,16.4,256.4,42.3,48.5,-128.2,131.9,-9999,-9999,0.03,0.02,-9999
70756,245,38.4179836,-82.3606012,12477,12440.8,38967,40088.0,248.42,453.50,244.56,0.793,0.0,99.28,97.77,-1.5,1.22,0.05,-57.50,343.1,-8888,-30.5,20.7,197.08,786.9,16.4,255.7,42.3,48.5,-128.2,131.9,-9999,-9999,0.03,0.02,-9999
70757,245,38.4176817,-82.3577885,12477,12440.8,38967,40181.5,248.38,452.88,244.12,0.791,-0.1,99.32,97.77,-1.5,1.24,0.03,-57.50,343.1,-8888,-30.5,21.2,197.08,786.8,16.7,255.7,42.3,48.5,-128.1,131.9,-9999,-9999,0.03,0.02,-9999
