mdx/test/fixtures/CPEXCV_MetNav_DC8_20220902_R0.ict
76, 1001
Project Office
National Suborbital Research Center [Bay Area Environmental Research Institute @ NASA Ames Research Center]
N817NA Meteorological and Navigation Facility Instrumentation
CPEX-CV
1,1
2022,09,02,2022,09,04
1
Time_Start, seconds (from midnight UTC)
35
1,1,1,1,1,1,1,1,1,1,1,1,1,1,1,1,1,1,1,1,1,1,1,1,1,1,1,1,1,1,1,1,1,1,1
-9999,-9999,-9999,-9999,-9999,-9999,-9999,-9999,-9999,-9999,-9999,-9999,-9999,-9999,-9999,-9999,-9999,-9999,-9999,-9999,-9999,-9999,-9999,-9999,-9999,-9999,-9999,-9999,-9999,-9999,-9999,-9999,-9999,-9999,-9999
Day_Of_Year, day, None, calendar day beginning January 1
Latitude, deg, Platform_Latitude_InSitu_None
Longitude, deg, Platform_Longitude_InSitu_None
MSL_GPS_Altitude, m, Platform_AltitudeMSL_InSitu_None
HAE_GPS_Altitude, m, Platform_AltitudeEllipsoid_InSitu_None, reference WGS-84
Pressure_Altitude, ft, Platform_AltitudePressure_InSitu_None
Radar_Altitude, ft, Platform_AltitudeAGL_InSitu_None
Ground_Speed, m/s, Platform_GroundSpeed_InSitu_None
True_Air_Speed, kts, Platform_AircraftTrueAirSpeed_InSitu_None
Indicated_Air_Speed, kts, Platform_AircraftIndicatedAirSpeed_InSitu_None
Mach_Number, mach, None
Vertical_Speed, m/s, None
True_Heading, deg 0-360, Platform_HeadingTrue_InSitu_None, cw from +y
Track_Angle, deg 0-360, Platform_TrackAngle_InSitu_None, cw from +y
Drift_Angle, deg +-180, Platform_DriftAngle_InSitu_None, cw from +y
Pitch_Angle, deg +-180, Platform_PitchAngle_InSitu_None, up+
Roll_Angle, deg +-180, Platform_RollAngle_InSitu_None, rt+
Static_Air_Temp, degrees Celcius, Met_StaticAirTemperature_InSitu_None
Potential_Temp, Kelvin, Met_PotentialTemperature_InSitu_None
DewFrost_Point, degrees Celcius, Met_DewPoint_InSitu_None
Total_Air_Temp, degrees Celcius, None
IR_Surf_Temp, degrees Celcius, Met_SufaceTemperature_InSitu_None
Static_Pressure, hPa, Met_StaticPressure_InSitu_None
Cabin_Pressure, hPa, None
Wind_Speed, m/s, Met_WindSpeed_InSitu_None, limited to where Roll_Angle does not exceed 5 degrees
Wind_Direction, deg 0-360 cw from +y, Met_WindDirection_InSitu_None, limited to where Roll_Angle does not exceed 5 degrees
Solar_Zenith_Angle, deg, Platform_SolarZenithAngle_InSitu_None
Aircraft_Sun_Elevation, deg, None
Sun_Azimuth, deg, Platform_SolarAzimuthAngle_InSitu_None
Aircraft_Sun_Azimuth, deg, None
Mixing_Ratio, g/kg, Met_H2OMR_InSitu_None
Part_Press_Water_Vapor, hPa, Met_PartialPressureH2O_InSitu_None
Sat_Vapor_Press_H2O, hPa, Met_SatVaporPressureH2OWater_InSitu_None
Sat_Vapor_Press_Ice, hPa, Met_SatVaporPressureH2OIce_InSitu_None
Relative_Humidity, percent, Met_RelativeHumidityWater_InSitu_None
0
27
PI_CONTACT_INFO: NSRC MetNav PI - Ryan Bennett - joseph.r.bennett@nasa.gov & r.bennett@baeri.org.
Platform: NASA DC-8 N817NA
LOCATION: Included in data records
ASSOCIATED_DATA: This flight represents the CPEX-CV transit flight #01 from Palmdale, CA to Dulles, VA.
INSTRUMENT_INFO: 
	Position, attitude, ground speed, and vertical speed from LN251
	Wind_Speed and Wind_Direction calculated from LN251, Aircraft Data System-85
	Radar_Altitude from APN-232
	Total_Air_Temperature from Rosemount 102 type deiced
	IR_Surface_Temp from KT-19.85
    Cabin_Pressure from MKS Baratron 220D
	DewFrost_Point and calculated water vapor parameters from Buck Hygrometer
[...]
ULOD_FLAG:-7777
ULOD_VALUE:366,90,180,N/A,N/A,57343,65000,N/A,600,510,0.99,104.04,360,360,180,180,180,60,N/A,90,99,200,N/A,1333.22,N/A,360,N/A,N/A,N/A,N/A,N/A,N/A,N/A,N/A,N/A
LLOD_FLAG:-8888
LLOD_VALUE:0,-90,-180,N/A,N/A,-1871,0,0,0,0,0,-104.04,0,0,-180,-180,-180,-99,N/A,-60,-60,-50,N/A,0.66,0,0,N/A,N/A,N/A,N/A,N/A,N/A,N/A,N/A,N/A
DM_CONTACT_INFO: Ryan Bennett - joseph.r.bennett@nasa.gov & r.bennett@baeri.org.
PROJECT_INFO: N/A
STIPULATIONS_ON_USE: Please first contact the PI/data manager with questions before use.
OTHER_COMMENTS: Wind Speed and Wind Direction flagged where Roll_Angle exceeds 5 degrees. 
REVISION: R0
R0: Preliminary public release data; will submit another update using experimenter TAT and pressure.
RA: Preliminary field data with limits of detection applied; Obvious hygrometer malfunctions flagged within this preliminary set. 
Time_Start,Day_Of_Year,Latitude,Longitude,MSL_GPS_Altitude,HAE_GPS_Altitude,Pressure_Altitude,Radar_Altitude,Ground_Speed,True_Air_Speed,Indicated_Air_Speed,Mach_Number,Vertical_Speed,True_Heading,Track_Angle,Drift_Angle,Pitch_Angle,Roll_Angle,Static_Air_Temp,Potential_Temp,DewFrost_Point,Total_Air_Temp,IR_Surf_Temp,Static_Pressure,Cabin_Pressure,Wind_Speed,Wind_Direction,Solar_Zenith_Angle,Aircraft_Sun_Elevation,Sun_Azimuth,Aircraft_Sun_Azimuth,Mixing_Ratio,Part_Press_Water_Vapor,Sat_Vapor_Press_H2O,Sat_Vapor_Press_Ice,Relative_Humidity
[from data line 14233]
71980,245,38.5869383,-79.1198192,5682,5643.8,17597,15895.0,202.10,377.38,285.81,0.595,-8.5,75.08,75.58,0.5,-1.97,-0.14,-7.75,321.0,-9999,10.8,18.7,514.46,952.3,8.1,267.5,47.8,40.2,-119.5,166.2,-9999,-9999,3.45,3.21,-9999
71981,245,38.5873909,-79.1175759,5673,5635.2,17571,15870.0,201.88,377.25,285.88,0.595,-8.5,75.10,75.59,0.5,-1.95,-0.19,-7.75,320.9,-9999,10.8,19.2,515.01,952.3,8.0,267.5,47.8,40.2,-119.5,166.2,-9999,-9999,3.45,3.21,-9999
71982,245,38.5878428,-79.1153349,5665,5626.7,17545,15630.5,201.67,376.94,285.75,0.594,-8.6,75.12,75.60,0.5,-1.95,-0.16,-7.75,320.8,-9999,10.8,20.1,515.56,952.5,7.9,267.4,47.8,40.2,-119.5,166.2,-9999,-9999,3.45,3.21,-9999
71983,245,38.5882938,-79.1130961,5656,5618.1,17516,15503.0,201.45,376.75,285.62,0.594,-8.6,75.12,75.61,0.5,-1.94,-0.12,-7.75,320.7,-9999,10.8,20.5,516.18,953.2,7.8,267.7,47.8,40.2,-119.5,166.2,-9999,-9999,3.45,3.21,-9999
71984,245,38.5887441,-79.1108595,5648,5609.5,17490,15341.5,201.24,376.25,285.44,0.593,-8.6,75.13,75.62,0.5,-1.94,-0.10,-7.75,320.6,-9999,10.8,19.6,516.73,953.4,7.9,267.7,47.8,40.2,-119.4,166.2,-9999,-9999,3.45,3.21,-9999
71985,245,38.5891934,-79.1086251,5639,5600.9,17463,15228.0,201.03,376.00,285.31,0.592,-8.6,75.14,75.63,0.5,-1.95,-0.11,-7.50,320.8,-9999,10.8,16.5,517.30,953.5,7.8,268.0,47.8,40.2,-119.4,166.2,-9999,-9999,3.52,3.28,-9999
71986,245,38.5896419,-79.1063930,5631,5592.3,17436,14957.0,200.82,375.62,285.12,0.591,-8.6,75.16,75.65,0.5,-1.96,-0.14,-7.50,320.7,-9999,10.8,16.2,517.88,953.9,7.8,267.9,47.8,40.2,-119.4,166.2,-9999,-9999,3.52,3.28,-9999
71987,245,38.5900896,-79.1041631,5622,5583.7,17409,14862.5,200.61,375.19,284.88,0.591,-8.6,75.17,75.66,0.5,-1.97,-0.14,-7.50,320.6,-9999,10.8,18.6,518.45,954.0,7.8,267.8,47.8,40.1,-119.4,166.2,-9999,-9999,3.52,3.28,-9999
71988,245,38.5905365,-79.1019353,5614,5575.1,17382,14735.0,200.41,374.81,284.69,0.590,-8.6,75.19,75.67,0.5,-1.98,-0.15,-7.25,320.8,-9999,11.0,19.8,519.03,954.3,7.8,267.7,47.9,40.1,-119.4,166.2,-9999,-9999,3.59,3.35,-9999
71989,245,38.5909824,-79.0997094,5605,5566.5,17354,14637.5,200.21,374.38,284.44,0.589,-8.6,75.20,75.68,0.5,-1.97,-0.13,-7.25,320.7,-9999,11.0,19.8,519.62,954.4,7.8,267.7,47.9,40.1,-119.4,166.2,-9999,-9999,3.59,3.35,-9999
71990,245,38.5914275,-79.0974857,5597,5557.9,17328,14568.5,200.01,373.94,284.25,0.589,-8.6,75.20,75.70,0.5,-1.98,-0.12,-7.25,320.6,-9999,11.0,19.1,520.18,954.7,7.8,268.2,47.9,40.1,-119.4,166.2,-9999,-9999,3.59,3.35,-9999
71991,245,38.5918717,-79.0952640,5588,5549.3,17301,14457.5,199.82,373.44,283.94,0.588,-8.6,75.19,75.72,0.5,-2.00,0.09,-7.25,320.5,-9999,11.0,18.3,520.75,954.9,7.9,268.7,47.9,40.1,-119.4,166.2,-9999,-9999,3.59,3.35,-9999
71992,245,38.5923147,-79.0930442,5580,5540.8,17273,14344.0,199.63,373.00,283.62,0.587,-8.5,75.16,75.74,0.6,-1.97,0.01,-7.00,320.6,-9999,11.0,17.9,521.35,955.2,8.0,269.9,47.9,40.1,-119.4,166.3,-9999,-9999,3.66,3.42,-9999
71993,245,38.5927566,-79.0908261,5571,5532.3,17247,14336.0,199.44,372.62,283.50,0.586,-8.5,75.10,75.77,0.7,-1.95,0.02,-7.00,320.5,-9999,11.0,18.3,521.91,955.4,8.1,271.8,47.9,40.2,-119.4,166.4,-9999,-9999,3.66,3.42,-9999
71994,245,38.5931975,-79.0886101,5563,5523.8,17222,14315.0,199.25,372.50,283.56,0.586,-8.4,74.96,75.77,0.8,-1.96,-0.14,-7.00,320.5,-9999,11.0,18.8,522.44,955.6,8.1,275.4,47.9,40.1,-119.4,166.4,-9999,-9999,3.66,3.42,-9999
71995,245,38.5936382,-79.0863963,5555,5515.4,17196,14317.5,199.06,372.31,283.56,0.586,-8.4,74.82,75.76,0.9,-1.93,-0.65,-7.00,320.4,-9999,11.0,18.7,523.00,955.9,8.2,278.2,47.9,40.0,-119.4,166.1,-9999,-9999,3.66,3.42,-9999
71996,245,38.5940794,-79.0841848,5546,5507.0,17169,14318.5,198.86,371.88,283.31,0.585,-8.3,74.85,75.71,0.9,-1.87,-0.93,-7.00,320.3,-9999,11.0,18.2,523.58,956.1,8.1,276.6,47.9,40.0,-119.4,165.9,-9999,-9999,3.66,3.42,-9999
71997,245,38.5945217,-79.0819762,5538,5498.7,17143,14349.0,198.65,371.56,283.19,0.585,-8.3,74.87,75.67,0.8,-1.91,-0.78,-7.00,320.2,-9999,11.0,18.1,524.14,956.5,8.0,275.2,47.9,40.0,-119.4,166.0,-9999,-9999,3.66,3.42,-9999
71998,245,38.5949647,-79.0797702,5529,5490.4,17118,14494.0,198.45,371.31,283.06,0.584,-8.4,74.87,75.64,0.8,-1.96,-0.65,-6.75,320.4,-9999,11.0,18.0,524.67,956.8,7.9,274.7,47.9,40.0,-119.4,166.1,-9999,-9999,3.73,3.50,-9999
71999,245,38.5954074,-79.0775663,5521,5481.9,17092,14470.5,198.26,371.00,282.94,0.583,-8.5,74.94,75.63,0.7,-2.00,-0.59,-6.75,320.3,-9999,11.0,17.9,525.23,957.0,7.8,272.8,47.9,39.9,-119.4,166.1,-9999,-9999,3.73,3.50,-9999
72000,245,38.5958500,-79.0753646,5513,5473.3,17065,14512.5,198.08,370.56,282.69,0.583,-8.6,74.99,75.62,0.6,-2.02,-0.39,-6.75,320.2,-9999,11.2,17.8,525.81,957.3,7.7,271.3,47.9,40.0,-119.4,166.2,-9999,-9999,3.73,3.50,-9999
72001,245,38.5962924,-79.0731650,5504,5464.7,17038,14499.0,197.90,370.31,282.62,0.582,-8.7,74.98,75.63,0.6,-2.03,-0.27,-6.75,320.1,-9999,11.2,17.9,526.40,957.4,7.7,271.8,47.9,40.0,-119.4,166.3,-9999,-9999,3.73,3.50,-9999
72002,245,38.5967343,-79.0709674,5496,5456.0,17011,14511.0,197.72,370.06,282.56,0.582,-8.7,74.96,75.63,0.7,-2.00,-0.34,-6.50,320.3,-9999,11.2,18.1,526.98,957.6,7.7,272.4,47.9,40.0,-119.3,166.3,-9999,-9999,3.80,3.57,-9999
72003,245,38.5971758,-79.0687717,5487,5447.4,16986,14509.5,197.55,369.88,282.44,0.581,-8.5,74.98,75.62,0.6,-1.94,-0.44,-6.50,320.2,-9999,11.2,18.2,527.52,958.2,7.6,272.1,47.9,40.0,-119.3,166.2,-9999,-9999,3.80,3.57,-9999
72004,245,38.5976173,-79.0665779,5479,5439.0,16959,14500.5,197.37,369.69,282.38,0.581,-8.4,75.00,75.61,0.6,-1.90,-0.48,-6.50,320.1,-9999,11.2,18.2,528.10,958.1,7.5,271.5,47.9,40.0,-119.3,166.1,-9999,-9999,3.80,3.57,-9999
72005,245,38.5980587,-79.0643863,5471,5430.7,16933,14501.5,197.18,369.31,282.25,0.580,-8.2,75.03,75.60,0.6,-1.88,-0.51,-6.25,320.3,-9999,11.2,18.3,528.66,958.6,7.4,270.3,47.9,40.1,-119.3,166.1,-9999,-9999,3.88,3.65,-9999
72006,245,38.5985000,-79.0621969,5462,5422.5,16907,14522.5,196.99,369.06,282.12,0.580,-8.2,75.06,75.59,0.5,-1.96,-0.46,-6.25,320.2,-9999,11.5,18.4,529.22,958.8,7.4,269.5,47.9,40.0,-119.3,166.1,-9999,-9999,3.88,3.65,-9999
72007,245,38.5989411,-79.0600096,5454,5414.3,16880,14494.5,196.81,368.81,282.12,0.580,-8.3,75.04,75.59,0.5,-2.04,-0.36,-6.25,320.1,-9999,11.5,18.6,529.81,959.3,7.3,269.8,47.9,39.9,-119.3,166.2,-9999,-9999,3.88,3.65,-9999
72008,245,38.5993817,-79.0578243,5446,5405.9,16854,14570.0,196.64,368.62,282.06,0.579,-8.5,75.03,75.59,0.6,-2.08,-0.35,-6.25,320.0,-9999,11.5,18.7,530.37,959.3,7.2,270.4,47.9,39.9,-119.3,166.3,-9999,-9999,3.88,3.65,-9999
72009,245,38.5998221,-79.0556408,5438,5397.3,16829,14595.0,196.47,368.62,282.12,0.579,-8.5,75.04,75.58,0.5,-2.06,-0.37,-6.25,319.9,-9999,11.5,18.7,530.91,959.5,7.1,270.3,47.9,39.9,-119.3,166.2,-9999,-9999,3.88,3.65,-9999
72010,245,38.6002624,-79.0534592,5429,5388.9,16801,14629.0,196.31,368.50,282.12,0.579,-8.4,75.07,75.58,0.5,-1.98,-0.38,-6.25,319.8,-9999,11.5,18.7,531.52,959.8,6.9,269.5,48.0,40.0,-119.3,166.2,-9999,-9999,3.88,3.65,-9999
72011,245,38.6007025,-79.0512798,5421,5380.5,16775,14710.5,196.13,368.25,282.12,0.578,-8.3,75.11,75.57,0.5,-1.94,-0.35,-6.00,320.0,-9999,11.5,18.3,532.09,960.0,6.9,268.2,48.0,40.0,-119.3,166.2,-9999,-9999,3.95,3.73,-9999
72012,245,38.6011425,-79.0491023,5412,5372.2,16749,14776.5,195.95,368.06,282.06,0.578,-8.3,75.15,75.56,0.4,-1.96,-0.32,-6.00,319.9,-9999,11.5,15.8,532.65,960.4,6.7,267.2,48.0,40.0,-119.3,166.2,-9999,-9999,3.95,3.73,-9999
72013,245,38.6015821,-79.0469269,5404,5363.9,16724,14832.0,195.77,367.94,282.12,0.578,-8.3,75.18,75.56,0.4,-2.00,-0.32,-6.00,319.8,-9999,11.5,14.4,533.20,960.8,6.6,266.3,48.0,40.0,-119.3,166.2,-9999,-9999,3.95,3.73,-9999
72014,245,38.6020215,-79.0447533,5396,5355.6,16698,14931.5,195.59,368.00,282.25,0.578,-8.4,75.23,75.55,0.3,-2.02,-0.31,-6.00,319.7,-9999,11.8,17.1,533.76,960.9,6.4,265.3,48.0,39.9,-119.3,166.1,-9999,-9999,3.95,3.73,-9999
72015,245,38.6024605,-79.0425817,5387,5347.1,16671,14974.5,195.41,368.25,282.62,0.578,-8.5,75.27,75.55,0.3,-2.02,-0.23,-5.75,319.9,-9999,11.8,19.3,534.35,961.1,6.0,264.4,48.0,39.9,-119.3,166.2,-9999,-9999,4.03,3.81,-9999
72016,245,38.6028990,-79.0404121,5379,5338.6,16645,15046.0,195.23,368.44,282.88,0.578,-8.5,75.29,75.56,0.3,-2.01,-0.13,-5.75,319.8,-9999,11.8,19.9,534.92,961.3,5.8,264.5,48.0,40.0,-119.3,166.2,-9999,-9999,4.03,3.81,-9999
72017,245,38.6033367,-79.0382443,5370,5330.1,16618,15109.5,195.05,368.44,283.00,0.578,-8.5,75.30,75.57,0.3,-1.99,-0.11,-5.75,319.7,-9999,11.8,20.0,535.51,961.3,5.6,264.8,48.0,40.0,-119.3,166.2,-9999,-9999,4.03,3.81,-9999
72018,245,38.6037738,-79.0360785,5361,5321.5,16591,15181.5,194.87,368.38,283.06,0.578,-8.5,75.33,75.58,0.3,-1.96,-0.13,-5.75,319.6,-9999,11.8,20.1,536.10,961.7,5.4,264.6,48.0,40.0,-119.3,166.2,-9999,-9999,4.03,3.81,-9999
72019,245,38.6042101,-79.0339146,5353,5313.1,16565,15204.5,194.68,368.25,283.06,0.578,-8.4,75.35,75.59,0.2,-1.95,-0.11,-5.75,319.5,-9999,12.0,19.9,536.67,961.8,5.3,264.2,48.0,40.0,-119.2,166.2,-9999,-9999,4.03,3.81,-9999
72020,245,38.6046458,-79.0317527,5344,5304.6,16538,15261.0,194.49,368.06,283.00,0.577,-8.4,75.36,75.60,0.2,-1.96,0.06,-5.50,319.7,-9999,12.0,19.5,537.26,962.5,5.2,264.4,48.0,40.0,-119.2,166.2,-9999,-9999,4.10,3.90,-9999
72021,245,38.6050805,-79.0295927,5335,5296.2,16512,15328.5,194.30,368.06,283.06,0.577,-8.4,75.38,75.62,0.2,-1.97,0.04,-5.50,319.6,-9999,12.0,19.3,537.83,962.6,5.0,264.7,48.0,40.0,-119.2,166.2,-9999,-9999,4.10,3.90,-9999
72022,245,38.6055144,-79.0274346,5327,5287.8,16486,15315.5,194.12,367.69,282.94,0.577,-8.4,75.38,75.64,0.3,-1.99,0.02,-5.50,319.5,-9999,12.0,19.3,538.40,962.6,5.0,265.2,48.0,40.0,-119.2,166.3,-9999,-9999,4.10,3.90,-9999
72023,245,38.6059474,-79.0252784,5318,5279.3,16460,15326.5,193.94,367.44,282.81,0.576,-8.5,75.39,75.65,0.3,-1.98,0.06,-5.50,319.4,-9999,12.0,19.4,538.97,963.1,5.0,265.6,48.0,40.0,-119.2,166.2,-9999,-9999,4.10,3.90,-9999
72024,245,38.6063797,-79.0231240,5310,5270.8,16432,15335.5,193.76,367.00,282.62,0.576,-8.4,75.41,75.66,0.3,-1.95,-0.13,-5.25,319.6,-9999,12.2,19.6,539.58,963.3,5.0,265.2,48.0,40.0,-119.2,166.2,-9999,-9999,4.18,3.98,-9999
72025,245,38.6068113,-79.0209716,5301,5262.4,16406,15236.0,193.58,366.69,282.38,0.575,-8.4,75.44,75.66,0.2,-1.95,-0.22,-5.25,319.5,-9999,12.2,19.9,540.16,963.6,5.0,264.3,48.0,40.0,-119.2,166.1,-9999,-9999,4.18,3.98,-9999
72026,245,38.6072426,-79.0188212,5293,5254.1,16380,15233.0,193.39,366.31,282.19,0.574,-8.4,75.48,75.66,0.2,-1.94,-0.29,-5.25,319.4,-9999,12.2,20.5,540.73,963.9,5.0,262.6,48.0,40.0,-119.2,166.0,-9999,-9999,4.18,3.98,-9999
72027,245,38.6076735,-79.0166729,5285,5245.7,16354,15210.0,193.21,365.88,282.00,0.574,-8.4,75.51,75.66,0.1,-1.95,-0.31,-5.25,319.3,-9999,12.2,20.6,541.30,964.1,5.0,261.2,48.0,39.9,-119.2,165.9,-9999,-9999,4.18,3.98,-9999
72028,245,38.6081042,-79.0145266,5277,5237.3,16328,15059.5,193.03,365.56,281.81,0.573,-8.4,75.54,75.65,0.1,-1.99,-0.35,-5.00,319.5,-9999,12.2,20.4,541.87,964.6,5.0,259.9,48.0,39.9,-119.2,165.9,-9999,-9999,4.26,4.07,-9999
72029,245,38.6085346,-79.0123823,5268,5228.8,16302,15046.0,192.86,365.12,281.56,0.572,-8.5,75.60,75.64,0.0,-1.99,-0.46,-5.00,319.4,-9999,12.2,20.4,542.45,964.7,5.0,257.1,48.0,39.8,-119.2,165.7,-9999,-9999,4.26,4.07,-9999
72030,245,38.6089651,-79.0102400,5260,5220.4,16276,14937.0,192.69,364.94,281.56,0.572,-8.5,75.67,75.63,0.0,-1.97,-0.48,-5.00,319.3,-9999,12.2,20.4,543.02,964.8,5.0,254.2,48.0,39.9,-119.2,165.7,-9999,-9999,4.26,4.07,-9999
72031,245,38.6093958,-79.0080997,5252,5211.9,16249,14878.5,192.52,364.50,281.38,0.571,-8.4,75.77,75.61,-0.2,-1.97,-0.52,-5.00,319.2,-9999,12.2,20.2,543.62,965.3,5.0,249.8,48.0,39.9,-119.2,165.6,-9999,-9999,4.26,4.07,-9999
72032,245,38.6098265,-79.0059615,5243,5203.5,16223,14929.0,192.35,364.06,281.12,0.570,-8.5,75.82,75.60,-0.2,-1.97,-0.36,-5.00,319.1,-9999,12.2,20.1,544.19,965.4,5.1,247.3,48.1,39.9,-119.2,165.6,-9999,-9999,4.26,4.07,-9999
72033,245,38.6102570,-79.0038252,5234,5195.0,16198,14990.0,192.18,363.75,281.06,0.570,-8.5,75.82,75.60,-0.2,-2.04,-0.19,-4.75,319.3,-9999,12.2,20.3,544.75,965.7,5.1,247.6,48.1,39.9,-119.2,165.8,-9999,-9999,4.34,4.15,-9999
72034,245,38.6106869,-79.0016907,5226,5186.4,16171,14926.5,192.02,363.38,280.88,0.569,-8.6,75.84,75.60,-0.2,-2.02,-0.26,-4.75,319.2,-9999,12.2,20.4,545.35,966.1,5.1,246.8,48.1,39.9,-119.2,165.7,-9999,-9999,4.34,4.15,-9999
72035,245,38.6111162,-78.9995579,5217,5177.8,16144,14955.0,191.86,363.19,280.81,0.569,-8.6,75.91,75.61,-0.3,-2.00,-0.26,-4.75,319.1,-9999,12.5,20.4,545.95,966.2,5.1,244.5,48.1,39.9,-119.2,165.6,-9999,-9999,4.34,4.15,-9999
72036,245,38.6115453,-78.9974269,5209,5169.2,16118,14985.5,191.70,362.94,280.62,0.568,-8.6,75.93,75.60,-0.3,-2.00,-0.20,-4.75,319.0,-9999,12.5,20.5,546.52,966.5,5.1,243.6,48.1,39.9,-119.1,165.7,-9999,-9999,4.34,4.15,-9999
72037,245,38.6119741,-78.9952977,5200,5160.6,16090,14903.5,191.54,362.56,280.44,0.568,-8.6,75.97,75.61,-0.4,-2.01,-0.29,-4.50,319.2,-9999,12.5,20.8,547.14,966.7,5.2,242.5,48.1,39.8,-119.1,165.6,-9999,-9999,4.43,4.24,-9999
72038,245,38.6124026,-78.9931703,5192,5152.0,16062,14965.0,191.38,362.44,280.44,0.567,-8.5,76.00,75.60,-0.4,-1.97,-0.28,-4.50,319.1,-9999,12.5,21.1,547.77,966.7,5.1,241.0,48.1,39.9,-119.1,165.5,-9999,-9999,4.43,4.24,-9999
72039,245,38.6128307,-78.9910445,5183,5143.5,16035,14967.5,191.22,362.31,280.50,0.567,-8.5,76.01,75.60,-0.4,-1.96,-0.30,-4.50,319.0,-9999,12.5,21.2,548.37,967.1,5.0,240.4,48.1,39.9,-119.1,165.5,-9999,-9999,4.43,4.24,-9999
72040,245,38.6132586,-78.9889206,5175,5135.0,16008,14982.0,191.06,362.00,280.25,0.567,-8.5,76.03,75.60,-0.4,-1.97,-0.30,-4.25,319.2,-9999,12.8,20.8,548.97,967.6,5.0,239.6,48.1,39.9,-119.1,165.5,-9999,-9999,4.51,4.33,-9999
72041,245,38.6136860,-78.9867985,5166,5126.5,15982,15018.0,190.90,361.94,280.44,0.567,-8.5,76.07,75.60,-0.5,-1.97,-0.36,-4.25,319.1,-9999,12.8,21.0,549.55,967.8,5.0,237.5,48.1,39.8,-119.1,165.4,-9999,-9999,4.51,4.33,-9999
72042,245,38.6141133,-78.9846781,5158,5118.1,15955,15057.5,190.74,361.81,280.44,0.566,-8.4,76.15,75.59,-0.6,-1.95,-0.53,-4.25,319.0,-9999,12.8,21.1,550.15,968.0,5.0,234.1,48.1,39.8,-119.1,165.2,-9999,-9999,4.51,4.33,-9999
72043,245,38.6145407,-78.9825597,5150,5109.7,15929,15098.0,190.57,361.62,280.38,0.566,-8.4,76.22,75.57,-0.6,-1.95,-0.45,-4.25,318.9,-9999,12.8,21.0,550.73,968.1,5.0,230.7,48.1,39.8,-119.1,165.2,-9999,-9999,4.51,4.33,-9999
72044,245,38.6149680,-78.9804432,5141,5101.2,15903,15082.0,190.41,361.06,280.06,0.565,-8.5,76.26,75.57,-0.7,-2.00,-0.21,-4.00,319.1,-9999,12.8,20.9,551.32,968.3,5.2,230.2,48.1,39.8,-119.1,165.4,-9999,-9999,4.60,4.43,-9999
72045,245,38.6153945,-78.9783284,5133,5092.7,15877,15086.5,190.25,360.75,279.81,0.564,-8.5,76.24,75.59,-0.7,-2.05,0.05,-4.00,319.0,-9999,13.0,20.6,551.90,968.6,5.1,231.2,48.1,39.8,-119.1,165.5,-9999,-9999,4.60,4.43,-9999
72046,245,38.6158201,-78.9762150,5124,5084.2,15851,15092.0,190.10,360.31,279.62,0.564,-8.6,76.25,75.61,-0.6,-2.04,0.06,-4.00,318.9,-9999,13.0,20.4,552.48,969.0,5.2,232.2,48.1,39.8,-119.1,165.5,-9999,-9999,4.60,4.43,-9999
72047,245,38.6162447,-78.9741031,5116,5075.6,15825,15047.0,189.95,360.00,279.44,0.563,-8.5,76.29,75.63,-0.7,-1.99,-0.11,-3.75,319.1,-9999,13.0,20.8,553.06,969.3,5.2,231.5,48.1,39.9,-119.1,165.5,-9999,-9999,4.68,4.52,-9999
72048,245,38.6166688,-78.9719928,5107,5067.1,15798,15049.0,189.80,359.62,279.31,0.562,-8.4,76.32,75.65,-0.7,-1.98,0.02,-3.75,319.0,-9999,13.0,21.6,553.67,969.4,5.3,231.1,48.1,39.9,-119.1,165.5,-9999,-9999,4.68,4.52,-9999
72049,245,38.6170918,-78.9698840,5099,5058.7,15771,14936.0,189.64,359.31,279.06,0.562,-8.4,76.29,75.68,-0.6,-2.01,0.25,-3.75,318.9,-9999,13.0,21.7,554.27,969.6,5.2,233.3,48.1,39.9,-119.1,165.7,-9999,-9999,4.68,4.52,-9999
72050,245,38.6175133,-78.9677766,5090,5050.2,15745,14903.5,189.48,358.88,278.88,0.561,-8.5,76.21,75.72,-0.5,-2.05,0.29,-3.75,318.8,-9999,13.0,21.5,554.86,969.9,5.1,237.4,48.1,39.9,-119.1,165.9,-9999,-9999,4.68,4.52,-9999
72051,245,38.6179334,-78.9656705,5082,5041.7,15718,14881.5,189.33,358.50,278.75,0.560,-8.6,76.15,75.74,-0.4,-2.04,0.14,-3.75,318.7,-9999,13.0,21.8,555.47,970.0,5.1,240.9,48.1,39.9,-119.1,165.8,-9999,-9999,4.68,4.52,-9999
