mdx/test/fixtures/CPEX_Hskping_DC8_20170525_R0.ict
75, 1001
Project Office
NSRC - National Suborbital Research Center
N817NA Housekeeping
CPEX
1,1
2017,05,25,2018,06,01
1
Start_UTC, seconds (from midnight UTC)
35
1,1,1,1,1,1,1,1,1,1,1,1,1,1,1,1,1,1,1,1,1,1,1,1,1,1,1,1,1,1,1,1,1,1,1
-9999,-9999,-9999,-9999,-9999,-9999,-9999,-9999,-9999,-9999,-9999,-9999,-9999,-9999,-9999,-9999,-9999,-9999,-9999,-9999,-9999,-9999,-9999,-9999,-9999,-9999,-9999,-9999,-9999,-9999,-9999,-9999,-9999,-9999,-9999
Day_Of_Year, day beginning January 1
Latitude, deg
Longitude, deg
MSL_GPS_Altitude, m (height above mean sea level)
HAE_GPS_Altitude, m (height above ellipsoid WGS84)
Pressure_Altitude, ft
Radar_Altitude, ft
Ground_Speed, m/s
True_Air_Speed, kts
Indicated_Air_Speed, kts
Mach_Number, mach
Vertical_Speed, m/s
True_Heading, deg (0-360, cw from +y)
Track_Angle, deg (0-360, cw from +y)
Drift_Angle, deg (+-180, cw from +y)
Pitch_Angle, deg (+-180, up+)
Roll_Angle, deg (+-180, rt+)
Static_Air_Temp, Celcius
Potential_Temp, Kelvin
Dew_Point, Celcius
Total_Air_Temp, Celcius
IR_Surf_Temp, Celcius
Static_Pressure, mb
Cabin_Pressure, mb 
Wind_Speed, m/s (limited to where Roll_Angle <= 5 degrees)
Wind_Direction, deg (0-360, cw from +y)
Solar_Zenith_Angle, deg
Aircraft_Sun_Elevation, deg
Sun_Azimuth, deg
Aircraft_Sun_Azimuth, deg
Mixing_Ratio, g/kg
Part_Press_Water_Vapor, mb
Sat_Vapor_Press_H2O, mb
Sat_Vapor_Press_Ice, mb
Relative_Humidity, percent (with respect to water)
0
26
PI_CONTACT_INFO: Melissa Yang Martin, m.yang@baeri.org 
Platform: NASA DC-8 N817NA
LOCATION: Included in data records
ASSOCIATED_DATA: This data represents CPEX-2017 Transit from Palmdale, CA to Fort Lauderdale, FL. Visit https://cpex.jpl.nasa.gov/ for more information.
INSTRUMENT_INFO: 
	Position, attitude, and ground speed from UNS-1Fw EGI
	Wind_Speed and Wind_Direction calculated from UNS-1Fw EGI, Aircraft Data System-85
	Radar_Altitude from APN-232
	Total_Air_Temperature from Rosemount 102 type non-deiced
	IR_Surface_Temp from KT-19.85
        Cabin_Pressure from MKS Baratron 220D
	Dew_Point and calculated water vapor parameters from Edgetech Vigilant Hygrometer model 137
        Pressure_Altitude, Indicated_Air_Speed, True_Air_Speed, Mach_Number, Vertical Speed, and Static_Pressure from Aircraft Data System-85,
DATA_INFO: https://airbornescience.nasa.gov/sites/default/files/DC8_Experimenter_Handbook_Jan2011v2.pdf
UNCERTAINTY:None,5m,5m,N/A,5m,20ft increasing to 138ft with altitude,2 ft +-2%,0.015 m/s,4kts,5kts at 50 kts; 2kts at 100kts; 2.8 kts at 300kts,0.01 mach,greater of 0.152 m/s or 5%,0.02 deg,0.02 deg,0.02 deg,0.02 deg,0.02 deg,0.5 deg C,N/A,0.2 deg C,0.3 deg C,0.5 deg C + 0.7%*(TargetTemp-HousingTemp),N/A,0.15%,1 m/s given constraints,0.5 deg,N/A,N/A,N/A,N/A,N/A,N/A,N/A,N/A,N/A
ULOD_FLAG:-7777
ULOD_VALUE:N/A,90,180,N/A,N/A,57343,65000,N/A,600,510,0.99,104.04,360,360,180,180,180,60,N/A,90,99,200,N/A,1333.22,N/A,360,N/A,N/A,N/A,N/A,N/A,N/A,N/A,N/A,N/A
LLOD_FLAG:-8888
LLOD_VALUE:N/A,-90,-180,N/A,N/A,-1871,0,0,0,0,0,-104.04,0,0,-180,-180,-180,-99,N/A,-50,-60,-50,N/A,0.66,0,0,N/A,N/A,N/A,N/A,N/A,N/A,N/A,N/A,N/A
DM_CONTACT_INFO: Ryan Bennett, r.bennett@baeri.org
PROJECT_INFO: N/A
STIPULATIONS_ON_USE: Contact PI or DM with questions before use
OTHER_COMMENTS: HAE_GPS_Altitude flagged missing through Start_UTC 67192, Dew_Point and moisture variables flagged missing due to leaking hygrometer sensor-head.
REVISION: R0
R0: Public data release with QA/QC and limits of detection applied.
Start_UTC,Day_Of_Year,Latitude,Longitude,MSL_GPS_Altitude,HAE_GPS_Altitude,Pressure_Altitude,Radar_Altitude,Ground_Speed,True_Air_Speed,Indicated_Air_Speed,Mach_Number,Vertical_Speed,True_Heading,Track_Angle,Drift_Angle,Pitch_Angle,Roll_Angle,Static_Air_Temp,Potential_Temp,Dew_Point,Total_Air_Temp,IR_Surf_Temp,Static_Pressure,Cabin_Pressure,Wind_Speed,Wind_Direction,Solar_Zenith_Angle,Aircraft_Sun_Elevation,Sun_Azimuth,Aircraft_Sun_Azimuth,Mixing_Ratio,Part_Press_Water_Vapor,Sat_Vapor_Press_H2O,Sat_Vapor_Press_Ice,Relative_Humidity
[from data line 6002]
64958,145,31.6941833,-104.2226601,11790,-9999,37009,34856,259.7,463.3,259.4,0.80,-0.1,99.8,98.0,-1.8,1.2,0.2,-53.5,340.2,-9999,-25.3,-8.0,216.53,806.54,22.7,258.5,15.8,73.5,129.1,27.3,-9999,-9999,0.04,0.03,-9999
64959,145,31.6938400,-104.2199135,11790,-9999,37010,34909,259.7,463.0,259.2,0.80,0.2,99.8,98.0,-1.8,1.1,0.3,-53.5,340.3,-9999,-25.3,-8.7,216.52,806.29,22.9,258.9,15.8,73.6,129.1,27.0,-9999,-9999,0.04,0.03,-9999
64960,145,31.6934967,-104.2171669,11790,-9999,37010,34921,259.7,463.0,259.2,0.80,0.2,99.8,98.0,-1.8,1.1,0.4,-53.6,340.1,-9999,-25.4,-9.6,216.52,806.16,22.8,259.4,15.8,73.5,129.1,27.3,-9999,-9999,0.04,0.03,-9999
64961,145,31.6931534,-104.2144203,11790,-9999,37009,34884,259.7,462.0,258.6,0.80,0.0,99.8,98.0,-1.7,1.1,0.2,-53.6,340.1,-9999,-25.5,-10.4,216.53,806.92,23.4,259.6,15.8,73.4,129.1,28.2,-9999,-9999,0.04,0.03,-9999
64962,145,31.6929817,-104.2116737,11790,-9999,37011,34852,259.7,461.6,258.3,0.80,0.1,99.8,98.0,-1.8,1.2,-0.1,-53.5,340.2,-9999,-25.5,-11.5,216.51,806.41,23.6,259.4,15.8,73.5,129.2,27.6,-9999,-9999,0.04,0.03,-9999
64963,145,31.6926384,-104.2090988,11789,-9999,37009,34850,259.7,461.1,258.1,0.80,0.0,99.8,98.0,-1.8,1.1,0.2,-53.6,340.2,-9999,-25.6,-13.0,216.53,806.79,23.7,260.3,15.8,73.6,129.2,27.2,-9999,-9999,0.04,0.03,-9999
64964,145,31.6922951,-104.2063522,11789,-9999,37009,34866,259.7,460.5,257.6,0.80,-0.1,99.7,98.0,-1.7,1.1,0.3,-53.5,340.2,-9999,-25.6,-14.3,216.53,806.54,23.9,261.0,15.8,73.5,129.2,28.0,-9999,-9999,0.04,0.03,-9999
64965,145,31.6919518,-104.2036057,11789,-9999,37008,34899,259.7,460.3,257.6,0.80,-0.2,99.7,98.0,-1.7,1.1,0.0,-53.6,340.1,-9999,-25.7,-15.5,216.54,806.92,24.1,261.3,15.8,73.4,129.2,28.5,-9999,-9999,0.04,0.03,-9999
64966,145,31.6916084,-104.2008591,11789,-9999,37008,34820,259.9,459.9,257.3,0.80,-0.1,99.7,98.0,-1.7,1.1,-0.1,-53.5,340.2,-9999,-25.7,-16.6,216.54,806.41,24.4,261.2,15.8,73.5,129.2,28.2,-9999,-9999,0.04,0.03,-9999
64967,145,31.6912651,-104.1981125,11789,-9999,37008,34820,259.7,459.6,257.2,0.80,0.0,99.8,98.0,-1.7,1.1,0.0,-53.6,340.1,-9999,-25.8,-17.4,216.54,806.41,24.4,261.1,15.7,73.6,129.2,27.9,-9999,-9999,0.04,0.03,-9999
64968,145,31.6909218,-104.1955376,11789,-9999,37007,34909,259.8,459.6,257.2,0.80,0.0,99.8,98.0,-1.7,1.1,0.2,-53.6,340.1,-9999,-25.8,-18.1,216.55,806.54,24.6,260.9,15.7,73.5,129.2,28.3,-9999,-9999,0.04,0.03,-9999
64969,145,31.6905785,-104.1927910,11788,-9999,37006,34909,259.9,459.4,257.1,0.79,-0.2,99.8,98.0,-1.8,1.1,0.0,-53.5,340.3,-9999,-25.7,-19.3,216.56,806.79,24.9,260.5,15.7,73.5,129.3,27.7,-9999,-9999,0.04,0.03,-9999
64970,145,31.6902351,-104.1900444,11787,-9999,37003,34991,259.9,458.9,256.8,0.79,-0.4,99.8,98.0,-1.8,1.1,0.2,-53.4,340.3,-9999,-25.7,-20.5,216.60,806.16,25.1,260.4,15.7,73.6,129.3,27.4,-9999,-9999,0.04,0.03,-9999
64971,145,31.6898918,-104.1872978,11787,-9999,37001,34959,259.9,459.9,257.6,0.80,-0.6,99.8,98.0,-1.8,1.1,0.3,-53.4,340.3,-9999,-25.6,-22.0,216.62,806.04,24.7,260.1,15.7,73.5,129.3,28.2,-9999,-9999,0.04,0.03,-9999
64972,145,31.6897202,-104.1847229,11786,-9999,36997,34994,259.9,460.2,257.8,0.80,-0.7,99.9,98.0,-1.9,1.1,-0.1,-53.5,340.2,-9999,-25.6,-24.0,216.66,806.29,24.6,259.2,15.7,73.3,129.3,28.7,-9999,-9999,0.04,0.03,-9999
64973,145,31.6893768,-104.1819763,11786,-9999,36995,35053,260.0,460.6,258.1,0.80,-0.8,100.0,98.0,-2.0,1.2,-0.2,-53.4,340.3,-9999,-25.5,-25.6,216.68,806.29,24.6,258.1,15.7,73.4,129.3,28.3,-9999,-9999,0.04,0.03,-9999
64974,145,31.6890335,-104.1792297,11786,-9999,36993,35082,260.0,461.2,258.4,0.80,-0.7,100.1,98.0,-2.1,1.2,-0.1,-53.5,340.2,-9999,-25.5,-27.2,216.70,806.29,24.5,257.0,15.7,73.5,129.3,27.7,-9999,-9999,0.04,0.03,-9999
64975,145,31.6886902,-104.1764832,11786,-9999,36993,35040,260.0,461.1,258.3,0.80,-0.5,100.1,98.0,-2.1,1.1,0.2,-53.4,340.3,-9999,-25.4,-29.0,216.70,806.41,24.6,257.0,15.7,73.6,129.4,27.1,-9999,-9999,0.04,0.03,-9999
64976,145,31.6883469,-104.1737366,11786,-9999,36995,35124,260.1,460.7,258.1,0.80,-0.1,100.1,98.0,-2.1,1.1,0.3,-53.5,340.1,-9999,-25.6,-30.1,216.68,806.92,24.8,257.5,15.7,73.5,129.4,27.8,-9999,-9999,0.04,0.03,-9999
64977,145,31.6880035,-104.1711617,11786,-9999,36994,35099,260.1,460.5,258.0,0.80,0.0,100.1,98.0,-2.1,1.2,0.0,-53.4,340.3,-9999,-25.5,-31.0,216.69,806.41,25.0,257.1,15.7,73.3,129.4,28.3,-9999,-9999,0.04,0.03,-9999
64978,145,31.6876602,-104.1684151,11786,-9999,36992,35142,260.1,462.3,259.1,0.80,-0.2,100.2,98.0,-2.2,1.2,-0.1,-53.4,340.2,-9999,-25.3,-31.4,216.71,806.29,24.3,255.3,15.7,73.4,129.4,28.0,-9999,-9999,0.04,0.03,-9999
64979,145,31.6873169,-104.1656685,11787,-9999,36992,35122,260.1,462.4,259.2,0.80,-0.2,100.3,98.0,-2.3,1.2,0.0,-53.4,340.2,-9999,-25.3,-31.2,216.71,805.91,24.4,254.3,15.7,73.5,129.4,27.6,-9999,-9999,0.04,0.03,-9999
64980,145,31.6869736,-104.1629219,11787,-9999,36995,35158,260.1,462.6,259.2,0.80,0.1,100.4,98.0,-2.4,1.1,0.1,-53.5,340.2,-9999,-25.3,-30.6,216.68,806.54,24.5,253.4,15.7,73.6,129.4,27.3,-9999,-9999,0.04,0.03,-9999
64981,145,31.6866302,-104.1601753,11788,-9999,36996,35224,260.1,462.7,259.4,0.80,0.2,100.6,97.9,-2.5,1.1,0.2,-53.5,340.2,-9999,-25.3,-29.2,216.67,806.04,24.8,252.0,15.7,73.5,129.5,27.7,-9999,-9999,0.04,0.03,-9999
64982,145,31.6864586,-104.1576004,11790,-9999,36998,35136,260.1,462.7,259.3,0.80,0.4,100.8,97.9,-2.7,1.1,-0.1,-53.4,340.4,-9999,-25.2,-27.8,216.65,806.04,25.2,250.2,15.7,73.4,129.5,27.8,-9999,-9999,0.04,0.03,-9999
64983,145,31.6861153,-104.1548538,11791,-9999,37003,35141,260.1,463.3,259.7,0.80,0.7,101.0,97.9,-2.9,1.1,-0.1,-53.5,340.2,-9999,-25.2,-26.3,216.60,806.16,25.4,248.1,15.7,73.7,129.5,26.7,-9999,-9999,0.04,0.03,-9999
64984,145,31.6857719,-104.1521072,11792,-9999,37008,35208,260.1,463.2,259.6,0.80,1.1,101.1,97.9,-3.1,1.0,0.4,-53.5,340.2,-9999,-25.3,-24.6,216.54,806.29,25.7,247.3,15.7,73.9,129.5,25.5,-9999,-9999,0.04,0.03,-9999
64985,145,31.6854286,-104.1493607,11793,-9999,37013,35221,260.1,463.8,259.9,0.80,1.4,101.0,97.9,-3.1,1.0,0.7,-53.4,340.4,-9999,-25.1,-23.2,216.49,806.79,25.4,247.6,15.7,74.1,129.5,24.6,-9999,-9999,0.04,0.03,-9999
64986,145,31.6850853,-104.1466141,11794,-9999,37017,35244,260.1,464.3,260.3,0.80,1.3,100.9,97.9,-3.0,1.0,1.0,-53.5,340.3,-9999,-25.1,-21.9,216.45,806.54,24.9,248.2,15.7,74.1,129.5,24.6,-9999,-9999,0.04,0.03,-9999
64987,145,31.6847420,-104.1438675,11794,-9999,37018,35233,260.1,464.6,260.4,0.80,1.1,100.8,98.0,-2.9,1.0,1.0,-53.5,340.3,-9999,-25.1,-20.3,216.44,806.54,24.4,249.2,15.7,74.0,129.6,25.2,-9999,-9999,0.04,0.03,-9999
64988,145,31.6843987,-104.1412926,11795,-9999,37019,35273,260.1,464.4,260.2,0.80,0.7,100.7,98.0,-2.8,1.0,0.7,-53.5,340.3,-9999,-25.1,-18.7,216.43,806.41,24.2,250.3,15.6,73.9,129.6,26.1,-9999,-9999,0.04,0.03,-9999
64989,145,31.6840553,-104.1385460,11795,-9999,37020,35280,260.2,463.9,259.9,0.80,0.4,100.6,98.1,-2.6,1.0,0.5,-53.6,340.1,-9999,-25.3,-16.7,216.42,806.41,24.2,252.0,15.6,73.9,129.6,26.7,-9999,-9999,0.04,0.03,-9999
64990,145,31.6837120,-104.1357994,11795,-9999,37022,35215,260.2,463.7,259.8,0.80,0.5,100.6,98.1,-2.5,1.0,0.4,-53.6,340.2,-9999,-25.3,-13.5,216.40,806.92,24.3,252.3,15.6,73.9,129.6,26.9,-9999,-9999,0.04,0.03,-9999
64991,145,31.6833687,-104.1330528,11795,-9999,37022,35143,260.2,463.7,259.7,0.80,0.3,100.6,98.1,-2.5,0.9,0.5,-53.5,340.3,-9999,-25.2,-10.6,216.40,806.41,24.2,252.7,15.6,74.0,129.6,26.7,-9999,-9999,0.04,0.03,-9999
64992,145,31.6831970,-104.1304779,11795,-9999,37023,35231,260.2,463.8,259.8,0.80,0.2,100.6,98.1,-2.5,0.9,0.5,-53.5,340.3,-9999,-25.2,-7.6,216.39,806.41,24.2,252.7,15.6,73.9,129.6,27.1,-9999,-9999,0.04,0.03,-9999
64993,145,31.6828537,-104.1277313,11795,-9999,37022,35214,260.3,463.5,259.6,0.80,0.1,100.6,98.1,-2.5,0.9,0.3,-53.6,340.2,-9999,-25.3,-4.3,216.40,806.04,24.4,253.0,15.6,73.9,129.6,27.4,-9999,-9999,0.04,0.03,-9999
64994,145,31.6825104,-104.1249847,11794,-9999,37021,35186,260.2,463.1,259.2,0.80,0.0,100.6,98.1,-2.5,0.9,0.3,-53.5,340.3,-9999,-25.3,-2.2,216.41,806.04,24.5,253.2,15.6,73.9,129.7,27.5,-9999,-9999,0.04,0.03,-9999
64995,145,31.6821671,-104.1222382,11794,-9999,37020,35144,260.3,462.9,259.2,0.80,-0.2,100.6,98.1,-2.5,0.9,0.2,-53.6,340.2,-9999,-25.4,-0.4,216.42,806.41,24.7,253.3,15.6,73.9,129.7,27.5,-9999,-9999,0.04,0.03,-9999
64996,145,31.6818237,-104.1194916,11794,-9999,37021,35144,260.4,462.6,259.0,0.80,-0.1,100.6,98.1,-2.5,0.9,0.3,-53.6,340.1,-9999,-25.5,1.5,216.41,806.41,24.9,253.7,15.6,74.0,129.7,27.2,-9999,-9999,0.04,0.03,-9999
64997,145,31.6814804,-104.1169167,11793,-9999,37021,35219,260.4,461.8,258.4,0.80,0.0,100.6,98.1,-2.5,0.8,0.4,-53.6,340.1,-9999,-25.6,3.0,216.41,806.41,25.2,254.3,15.6,74.0,129.7,27.8,-9999,-9999,0.04,0.03,-9999
64998,145,31.6811371,-104.1141701,11792,-9999,37020,35175,260.4,461.5,258.3,0.80,-0.1,100.6,98.1,-2.5,0.8,0.1,-53.6,340.1,-9999,-25.6,4.3,216.42,805.91,25.5,254.0,15.6,73.8,129.7,28.5,-9999,-9999,0.04,0.03,-9999
64999,145,31.6807938,-104.1114235,11791,-9999,37018,35237,260.5,461.2,258.2,0.80,-0.2,100.7,98.1,-2.5,0.8,0.0,-53.7,340.0,-9999,-25.7,5.4,216.44,806.54,25.7,253.9,15.6,73.9,129.7,27.8,-9999,-9999,0.04,0.03,-9999
65000,145,31.6804504,-104.1086769,11791,-9999,37018,35192,260.6,461.0,258.1,0.80,-0.2,100.7,98.1,-2.5,0.8,0.2,-53.6,340.2,-9999,-25.6,5.7,216.44,806.67,25.8,254.3,15.6,74.0,129.8,27.6,-9999,-9999,0.04,0.03,-9999
65001,145,31.6801071,-104.1059303,11790,-9999,37017,35201,260.7,461.2,258.2,0.80,-0.2,100.6,98.1,-2.5,0.8,0.3,-53.6,340.1,-9999,-25.6,5.2,216.45,806.54,25.8,254.8,15.6,74.0,129.8,27.9,-9999,-9999,0.04,0.03,-9999
65002,145,31.6797638,-104.1031837,11789,-9999,37016,35256,260.8,461.4,258.4,0.80,-0.2,100.5,98.1,-2.4,0.8,0.2,-53.5,340.2,-9999,-25.5,3.6,216.46,806.04,25.6,255.2,15.6,73.8,129.8,28.6,-9999,-9999,0.04,0.03,-9999
65003,145,31.6794205,-104.1004372,11788,-9999,37013,35255,260.9,461.4,258.4,0.80,-0.4,100.6,98.1,-2.4,0.8,-0.1,-53.5,340.2,-9999,-25.5,1.5,216.49,806.16,25.8,255.2,15.6,73.8,129.8,28.6,-9999,-9999,0.04,0.03,-9999
65004,145,31.6790771,-104.0978622,11788,-9999,37013,35270,260.9,461.2,258.3,0.80,-0.3,100.6,98.1,-2.4,0.9,0.0,-53.6,340.1,-9999,-25.6,-1.2,216.49,806.41,25.9,255.2,15.6,73.9,129.8,28.3,-9999,-9999,0.04,0.03,-9999
65005,145,31.6787338,-104.0951157,11787,-9999,37012,35276,261.0,461.6,258.5,0.80,-0.3,100.6,98.1,-2.4,0.8,0.1,-53.6,340.0,-9999,-25.6,-5.1,216.50,806.41,25.8,255.1,15.6,74.0,129.8,28.4,-9999,-9999,0.04,0.03,-9999
65006,145,31.6785622,-104.0923691,11786,-9999,37011,35214,261.0,461.0,258.1,0.80,-0.2,100.6,98.1,-2.4,0.8,0.0,-53.6,340.1,-9999,-25.6,-8.7,216.51,806.54,26.1,255.2,15.6,73.8,129.9,28.8,-9999,-9999,0.04,0.03,-9999
65007,145,31.6782188,-104.0896225,11786,-9999,37010,35231,261.1,461.0,258.1,0.80,-0.3,100.6,98.1,-2.5,0.8,-0.1,-53.6,340.2,-9999,-25.6,-12.3,216.52,806.41,26.4,254.8,15.6,73.9,129.9,28.5,-9999,-9999,0.04,0.03,-9999
65008,145,31.6778755,-104.0868759,11785,-9999,37011,35213,261.2,460.5,257.8,0.80,-0.2,100.7,98.1,-2.5,0.8,0.0,-53.6,340.1,-9999,-25.7,-16.8,216.51,806.04,26.7,254.9,15.6,74.0,129.9,28.0,-9999,-9999,0.04,0.03,-9999
65009,145,31.6775322,-104.0841293,11784,-9999,37010,35216,261.3,460.2,257.6,0.80,-0.1,100.6,98.1,-2.5,0.8,0.2,-53.6,340.1,-9999,-25.7,-20.2,216.52,805.78,26.9,255.2,15.5,74.0,129.9,27.8,-9999,-9999,0.04,0.03,-9999
65010,145,31.6771889,-104.0815544,11783,-9999,37007,35218,261.3,459.9,257.4,0.80,-0.3,100.6,98.1,-2.5,0.8,0.2,-53.6,340.1,-9999,-25.8,-23.3,216.55,805.78,27.0,255.5,15.5,73.8,129.9,28.5,-9999,-9999,0.04,0.03,-9999
65011,145,31.6768456,-104.0786362,11783,-9999,37005,35205,261.3,459.6,257.2,0.80,-0.4,100.6,98.1,-2.5,0.9,0.0,-53.6,340.1,-9999,-25.8,-26.5,216.57,805.66,27.2,255.6,15.5,73.9,129.9,28.5,-9999,-9999,0.04,0.03,-9999
65012,145,31.6765022,-104.0760612,11782,-9999,37004,35188,261.4,459.8,257.4,0.80,-0.4,100.6,98.1,-2.5,0.8,0.0,-53.6,340.0,-9999,-25.8,-28.6,216.58,806.04,27.2,255.5,15.5,74.0,130.0,28.3,-9999,-9999,0.04,0.03,-9999
65013,145,31.6761589,-104.0733147,11781,-9999,37004,35139,261.6,459.2,257.1,0.79,-0.3,100.6,98.1,-2.5,0.8,0.1,-53.6,340.0,-9999,-25.9,-30.4,216.58,806.04,27.6,255.9,15.5,74.0,130.0,28.2,-9999,-9999,0.04,0.03,-9999
65014,145,31.6758156,-104.0705681,11780,-9999,37004,35133,261.7,459.0,256.9,0.79,-0.2,100.6,98.1,-2.5,0.8,0.2,-53.7,339.9,-9999,-26.0,-32.0,216.58,805.91,27.7,256.3,15.5,74.0,130.0,28.2,-9999,-9999,0.04,0.03,-9999
65015,145,31.6754723,-104.0678215,11780,-9999,37001,35115,261.7,458.9,256.9,0.79,-0.2,100.6,98.1,-2.5,0.9,0.1,-53.6,340.0,-9999,-25.9,-32.9,216.62,805.78,27.8,256.5,15.5,73.9,130.0,28.4,-9999,-9999,0.04,0.03,-9999
65016,145,31.6751289,-104.0650749,11779,-9999,37000,35130,261.7,458.6,256.6,0.79,-0.3,100.6,98.1,-2.5,0.9,0.0,-53.7,340.0,-9999,-26.0,-33.6,216.63,806.04,28.0,256.7,15.5,73.9,130.0,28.6,-9999,-9999,0.04,0.03,-9999
65017,145,31.6747856,-104.0623283,11778,-9999,36998,35212,261.9,458.8,256.8,0.79,-0.4,100.6,98.1,-2.5,0.9,0.0,-53.6,340.0,-9999,-25.9,-34.2,216.65,806.41,28.0,256.8,15.5,73.9,130.0,28.6,-9999,-9999,0.04,0.03,-9999
65018,145,31.6744423,-104.0595818,11777,-9999,36995,35137,261.9,458.6,256.8,0.79,-0.6,100.5,98.1,-2.4,0.9,0.0,-53.6,340.0,-9999,-25.9,-34.5,216.68,805.78,28.0,257.2,15.5,73.9,130.1,28.5,-9999,-9999,0.04,0.03,-9999
65019,145,31.6740990,-104.0568352,11776,-9999,36992,35081,262.0,458.6,256.8,0.79,-0.7,100.5,98.1,-2.4,0.9,0.1,-53.6,340.0,-9999,-25.9,-34.7,216.71,806.16,28.1,257.4,15.5,73.9,130.1,28.4,-9999,-9999,0.04,0.03,-9999
65020,145,31.6737556,-104.0540886,11776,-9999,36990,35081,262.1,458.8,256.9,0.79,-0.7,100.5,98.1,-2.4,0.9,0.1,-53.6,340.0,-9999,-25.9,-34.9,216.73,806.16,28.1,257.5,15.5,73.9,130.1,28.3,-9999,-9999,0.04,0.03,-9999
65021,145,31.6734123,-104.0515137,11775,-9999,36989,35136,262.2,458.3,256.6,0.79,-0.6,100.4,98.1,-2.4,1.0,0.1,-53.6,339.9,-9999,-26.0,-35.0,216.74,806.79,28.3,258.0,15.5,73.9,130.1,28.0,-9999,-9999,0.04,0.03,-9999
65022,145,31.6732407,-104.0487671,11774,-9999,36987,35191,262.1,458.1,256.4,0.79,-0.6,100.4,98.1,-2.3,1.0,0.2,-53.6,340.0,-9999,-26.0,-35.0,216.76,806.04,28.3,258.2,15.5,74.0,130.1,27.6,-9999,-9999,0.04,0.03,-9999
65023,145,31.6728973,-104.0460205,11773,-9999,36984,35155,262.2,457.6,256.1,0.79,-0.6,100.4,98.1,-2.3,1.0,0.4,-53.5,340.0,-9999,-26.0,-35.1,216.79,806.29,28.6,258.6,15.5,74.0,130.1,27.4,-9999,-9999,0.04,0.03,-9999
65024,145,31.6725540,-104.0432739,11772,-9999,36982,35217,262.2,457.5,256.1,0.79,-0.7,100.4,98.1,-2.3,1.0,0.3,-53.6,339.9,-9999,-26.1,-35.2,216.81,806.16,28.7,258.8,15.5,73.8,130.2,27.9,-9999,-9999,0.04,0.03,-9999
65025,145,31.6722107,-104.0405273,11771,-9999,36980,35144,262.3,456.9,255.6,0.79,-0.7,100.4,98.1,-2.3,1.1,0.2,-53.6,340.0,-9999,-26.1,-35.2,216.83,806.16,29.1,258.9,15.5,73.8,130.2,27.5,-9999,-9999,0.04,0.03,-9999
65026,145,31.6718674,-104.0377808,11770,-9999,36978,35208,262.4,456.9,255.8,0.79,-0.6,100.4,98.1,-2.3,1.1,0.4,-53.7,339.9,-9999,-26.2,-35.2,216.86,805.53,29.1,259.2,15.5,74.0,130.2,26.9,-9999,-9999,0.04,0.03,-9999
65027,145,31.6715240,-104.0350342,11769,-9999,36976,35159,262.5,456.6,255.6,0.79,-0.6,100.3,98.1,-2.3,1.1,0.6,-53.6,339.9,-9999,-26.2,-35.2,216.88,806.54,29.2,260.1,15.5,73.9,130.2,27.0,-9999,-9999,0.04,0.03,-9999
65028,145,31.6711807,-104.0322876,11768,-9999,36973,35150,262.5,456.1,255.2,0.79,-0.7,100.3,98.1,-2.2,1.2,0.5,-53.5,340.0,-9999,-26.2,-35.2,216.91,806.29,29.4,260.6,15.5,73.8,130.2,27.6,-9999,-9999,0.04,0.03,-9999
65029,145,31.6708374,-104.0295410,11768,-9999,36970,35171,262.5,456.3,255.4,0.79,-0.7,100.3,98.1,-2.1,1.2,0.2,-53.6,339.9,-9999,-26.2,-35.2,216.94,806.16,29.3,260.5,15.5,73.7,130.2,28.3,-9999,-9999,0.04,0.03,-9999
65030,145,31.6704941,-104.0267944,11767,-9999,36968,35219,262.5,456.6,255.7,0.79,-0.8,100.3,98.1,-2.2,1.2,0.1,-53.5,340.0,-9999,-26.1,-35.2,216.96,806.16,29.2,260.2,15.4,73.8,130.2,27.8,-9999,-9999,0.04,0.03,-9999
65031,145,31.6701508,-104.0240479,11766,-9999,36965,35252,262.6,456.9,255.9,0.79,-0.7,100.3,98.1,-2.2,1.2,0.3,-53.6,339.9,-9999,-26.1,-35.1,216.99,806.16,29.0,260.4,15.4,73.8,130.3,27.5,-9999,-9999,0.04,0.03,-9999
