mdx/test/fixtures/CPEX_Hskping_DC8_20170525_R0.ict
75, 1001
Project Office
NSRC - National Suborbital Research Center
N817NA Housekeeping
CPEX
1,1
2017,05,25,2018,06,01
1
Start_UTC, seconds (from midnight UTC)
35
1,1,1,1,1,1,1,1,1,1,1,1,1,1,1,1,1,1,1,1,1,1,1,1,1,1,1,1,1,1,1,1,1,1,1
-9999,-9999,-9999,-9999,-9999,-9999,-9999,-9999,-9999,-9999,-9999,-9999,-9999,-9999,-9999,-9999,-9999,-9999,-9999,-9999,-9999,-9999,-9999,-9999,-9999,-9999,-9999,-9999,-9999,-9999,-9999,-9999,-9999,-9999,-9999
Day_Of_Year, day beginning January 1
Latitude, deg
Longitude, deg
MSL_GPS_Altitude, m (height above mean sea level)
HAE_GPS_Altitude, m (height above ellipsoid WGS84)
Pressure_Altitude, ft
Radar_Altitude, ft
Ground_Speed, m/s
True_Air_Speed, kts
Indicated_Air_Speed, kts
Mach_Number, mach
Vertical_Speed, m/s
True_Heading, deg (0-360, cw from +y)
Track_Angle, deg (0-360, cw from +y)
Drift_Angle, deg (+-180, cw from +y)
Pitch_Angle, deg (+-180, up+)
Roll_Angle, deg (+-180, rt+)
Static_Air_Temp, Celcius
Potential_Temp, Kelvin
Dew_Point, Celcius
Total_Air_Temp, Celcius
IR_Surf_Temp, Celcius
Static_Pressure, mb
Cabin_Pressure, mb 
Wind_Speed, m/s (limited to where Roll_Angle <= 5 degrees)
Wind_Direction, deg (0-360, cw from +y)
Solar_Zenith_Angle, deg
Aircraft_Sun_Elevation, deg
Sun_Azimuth, deg
Aircraft_Sun_Azimuth, deg
Mixing_Ratio, g/kg
Part_Press_Water_Vapor, mb
Sat_Vapor_Press_H2O, mb
Sat_Vapor_Press_Ice, mb
Relative_Humidity, percent (with respect to water)
0
26
PI_CONTACT_INFO: Melissa Yang Martin, m.yang@baeri.org 
Platform: NASA DC-8 N817NA
LOCATION: Included in data records
ASSOCIATED_DATA: This data represents CPEX-2017 Transit from Palmdale, CA to Fort Lauderdale, FL. Visit https://cpex.jpl.nasa.gov/ for more information.
INSTRUMENT_INFO: 
	Position, attitude, and ground speed from UNS-1Fw EGI
	Wind_Speed and Wind_Direction calculated from UNS-1Fw EGI, Aircraft Data System-85
	Radar_Altitude from APN-232
	Total_Air_Temperature from Rosemount 102 type non-deiced
	IR_Surface_Temp from KT-19.85
        Cabin_Pressure from MKS Baratron 220D
	Dew_Point and calculated water vapor parameters from Edgetech Vigilant Hygrometer model 137
        Pressure_Altitude, Indicated_Air_Speed, True_Air_Speed, Mach_Number, Vertical Speed, and Static_Pressure from Aircraft Data System-85,
DATA_INFO: https://airbornescience.nasa.gov/sites/default/files/DC8_Experimenter_Handbook_Jan2011v2.pdf
UNCERTAINTY:None,5m,5m,N/A,5m,20ft increasing to 138ft with altitude,2 ft +-2%,0.015 m/s,4kts,5kts at 50 kts; 2kts at 100kts; 2.8 kts at 300kts,0.01 mach,greater of 0.152 m/s or 5%,0.02 deg,0.02 deg,0.02 deg,0.02 deg,0.02 deg,0.5 deg C,N/A,0.2 deg C,0.3 deg C,0.5 deg C + 0.7%*(TargetTemp-HousingTemp),N/A,0.15%,1 m/s given constraints,0.5 deg,N/A,N/A,N/A,N/A,N/A,N/A,N/A,N/A,N/A
ULOD_FLAG:-7777
ULOD_VALUE:N/A,90,180,N/A,N/A,57343,65000,N/A,600,510,0.99,104.04,360,360,180,180,180,60,N/A,90,99,200,N/A,1333.22,N/A,360,N/A,N/A,N/A,N/A,N/A,N/A,N/A,N/A,N/A
LLOD_FLAG:-8888
LLOD_VALUE:N/A,-90,-180,N/A,N/A,-1871,0,0,0,0,0,-104.04,0,0,-180,-180,-180,-99,N/A,-50,-60,-50,N/A,0.66,0,0,N/A,N/A,N/A,N/A,N/A,N/A,N/A,N/A,N/A
DM_CONTACT_INFO: Ryan Bennett, r.bennett@baeri.org
PROJECT_INFO: N/A
STIPULATIONS_ON_USE: Contact PI or DM with questions before use
OTHER_COMMENTS: HAE_GPS_Altitude flagged missing through Start_UTC 67192, Dew_Point and moisture variables flagged missing due to leaking hygrometer sensor-head.
REVISION: R0
R0: Public data release with QA/QC and limits of detection applied.
Start_UTC,Day_Of_Year,Latitude,Longitude,MSL_GPS_Altitude,HAE_GPS_Altitude,Pressure_Altitude,Radar_Altitude,Ground_Speed,True_Air_Speed,Indicated_Air_Speed,Mach_Number,Vertical_Speed,True_Heading,Track_Angle,Drift_Angle,Pitch_Angle,Roll_Angle,Static_Air_Temp,Potential_Temp,Dew_Point,Total_Air_Temp,IR_Surf_Temp,Static_Pressure,Cabin_Pressure,Wind_Speed,Wind_Direction,Solar_Zenith_Angle,Aircraft_Sun_Elevation,Sun_Azimuth,Aircraft_Sun_Azimuth,Mixing_Ratio,Part_Press_Water_Vapor,Sat_Vapor_Press_H2O,Sat_Vapor_Press_Ice,Relative_Humidity
[from data line 11885]
70841,145,28.8806534,-88.9619637,12459,12433.1,38980,40652,251.9,463.6,250.2,0.81,0.0,107.8,106.0,-1.8,1.2,0.5,-57.1,343.9,-9999,-28.8,14.4,196.96,781.54,15.5,257.2,25.4,65.6,-101.8,150.1,-9999,-9999,0.03,0.02,-9999
70842,145,28.8799667,-88.9595604,12459,12433.2,38981,40709,252.0,463.6,250.1,0.81,0.0,107.9,106.1,-1.8,1.2,0.4,-57.1,343.9,-9999,-28.8,14.4,196.95,781.29,15.6,257.3,25.4,65.6,-101.8,149.9,-9999,-9999,0.03,0.02,-9999
70843,145,28.8794518,-88.9569855,12459,12433.2,38981,40710,252.0,463.6,250.1,0.81,0.0,107.9,106.1,-1.8,1.1,0.3,-57.1,343.9,-9999,-28.8,14.4,196.95,781.80,15.6,257.1,25.4,65.5,-101.8,149.9,-9999,-9999,0.03,0.02,-9999
70844,145,28.8787651,-88.9545822,12459,12433.2,38982,40772,251.9,463.6,250.1,0.81,0.1,107.9,106.1,-1.8,1.1,0.3,-57.2,343.8,-9999,-28.9,14.4,196.94,781.16,15.6,256.8,25.4,65.5,-101.8,149.9,-9999,-9999,0.03,0.02,-9999
70845,145,28.8780785,-88.9520073,12459,12433.1,38982,40733,252.1,463.4,250.1,0.81,0.1,107.9,106.1,-1.8,1.1,0.3,-57.1,343.8,-9999,-28.9,14.4,196.94,781.42,15.7,257.4,25.4,65.5,-101.8,149.9,-9999,-9999,0.03,0.02,-9999
70846,145,28.8775635,-88.9496040,12459,12432.9,38982,40651,251.9,463.4,250.1,0.81,0.0,107.9,106.1,-1.8,1.1,0.3,-57.1,343.8,-9999,-28.9,14.4,196.94,781.16,15.6,256.9,25.4,65.5,-101.8,149.9,-9999,-9999,0.03,0.02,-9999
70847,145,28.8768768,-88.9470291,12459,12432.8,38981,40676,252.0,463.4,250.1,0.81,0.0,107.9,106.1,-1.8,1.1,0.3,-57.1,343.9,-9999,-28.8,14.4,196.95,781.29,15.7,257.1,25.4,65.5,-101.8,149.9,-9999,-9999,0.03,0.02,-9999
70848,145,28.8761902,-88.9446259,12459,12432.6,38981,40714,251.9,463.2,249.9,0.81,0.0,107.9,106.1,-1.8,1.1,0.3,-57.1,343.8,-9999,-28.9,14.4,196.95,781.42,15.7,257.1,25.4,65.5,-101.8,149.9,-9999,-9999,0.03,0.02,-9999
70849,145,28.8756752,-88.9420509,12459,12432.4,38981,40697,251.9,463.2,249.9,0.81,-0.1,107.9,106.1,-1.8,1.1,0.3,-57.1,343.8,-9999,-28.9,14.4,196.95,781.42,15.7,256.9,25.4,65.5,-101.7,149.9,-9999,-9999,0.03,0.02,-9999
70850,145,28.8749886,-88.9396477,12459,12432.2,38979,40714,251.9,463.1,249.9,0.81,-0.1,107.9,106.1,-1.8,1.1,0.3,-57.0,344.0,-9999,-28.8,14.4,196.97,781.29,15.8,257.0,25.4,65.5,-101.7,149.9,-9999,-9999,0.03,0.02,-9999
70851,145,28.8743019,-88.9372444,12459,12432.0,38979,40650,252.0,463.2,249.9,0.81,-0.1,107.9,106.1,-1.8,1.1,0.3,-57.1,343.8,-9999,-28.9,14.4,196.97,781.67,15.8,257.2,25.4,65.5,-101.7,149.9,-9999,-9999,0.03,0.02,-9999
70852,145,28.8737869,-88.9346695,12458,12431.8,38978,40622,251.9,463.2,249.9,0.81,-0.2,107.9,106.1,-1.8,1.1,0.3,-57.1,343.8,-9999,-28.9,14.4,196.98,780.91,15.8,256.9,25.4,65.5,-101.7,150.0,-9999,-9999,0.03,0.02,-9999
70853,145,28.8731003,-88.9322662,12458,12431.5,38977,40622,251.9,463.2,249.9,0.81,-0.2,107.9,106.1,-1.9,1.1,0.3,-57.1,343.8,-9999,-28.9,14.4,196.99,782.30,15.8,256.8,25.4,65.5,-101.7,150.0,-9999,-9999,0.03,0.02,-9999
70854,145,28.8724136,-88.9296913,12458,12431.2,38977,40658,251.9,463.1,249.9,0.81,-0.2,108.0,106.1,-1.9,1.1,0.3,-57.1,343.8,-9999,-28.9,14.4,196.99,781.80,15.8,256.7,25.4,65.5,-101.7,150.0,-9999,-9999,0.03,0.02,-9999
70855,145,28.8718987,-88.9272881,12458,12431.0,38975,40694,252.0,463.1,249.9,0.81,-0.2,108.0,106.1,-1.8,1.2,0.3,-57.1,343.8,-9999,-28.9,14.4,197.01,781.92,15.9,257.1,25.4,65.5,-101.7,149.9,-9999,-9999,0.03,0.02,-9999
70856,145,28.8712120,-88.9248848,12457,12430.8,38975,40639,252.0,463.2,250.0,0.81,-0.2,108.0,106.1,-1.9,1.2,0.3,-57.1,343.8,-9999,-28.9,14.4,197.01,781.92,15.8,256.8,25.4,65.5,-101.7,150.0,-9999,-9999,0.03,0.02,-9999
70857,145,28.8705254,-88.9223099,12457,12430.7,38975,40687,252.1,463.2,250.0,0.81,-0.2,108.0,106.1,-1.8,1.2,0.3,-57.1,343.8,-9999,-28.9,14.4,197.01,781.16,15.9,257.1,25.4,65.5,-101.7,149.9,-9999,-9999,0.03,0.02,-9999
70858,145,28.8700104,-88.9199066,12457,12430.5,38974,40687,252.0,463.2,249.9,0.81,-0.2,108.0,106.1,-1.8,1.2,0.3,-57.1,343.8,-9999,-28.9,14.4,197.02,781.29,15.8,257.1,25.4,65.4,-101.7,149.8,-9999,-9999,0.03,0.02,-9999
70859,145,28.8693237,-88.9173317,12457,12430.4,38973,40687,252.0,463.2,250.0,0.81,-0.1,108.0,106.1,-1.8,1.1,0.2,-57.1,343.8,-9999,-28.9,14.4,197.03,781.29,15.8,257.1,25.5,65.4,-101.7,149.7,-9999,-9999,0.03,0.02,-9999
70860,145,28.8686371,-88.9149284,12457,12430.2,38972,40694,251.9,463.1,249.9,0.81,-0.2,108.0,106.1,-1.8,1.2,0.1,-57.1,343.8,-9999,-28.9,14.4,197.04,780.91,15.8,257.2,25.5,65.4,-101.7,149.6,-9999,-9999,0.03,0.02,-9999
70861,145,28.8681221,-88.9123535,12457,12430.1,38972,40701,252.0,463.1,249.8,0.81,-0.1,108.0,106.1,-1.8,1.2,0.1,-57.1,343.8,-9999,-28.9,14.4,197.04,781.42,15.9,257.4,25.5,65.4,-101.7,149.6,-9999,-9999,0.03,0.02,-9999
70862,145,28.8674355,-88.9099503,12457,12430.0,38972,40653,252.0,463.0,249.8,0.81,-0.1,107.9,106.1,-1.8,1.2,0.1,-57.1,343.8,-9999,-28.9,14.5,197.04,781.54,15.9,257.5,25.5,65.3,-101.7,149.6,-9999,-9999,0.03,0.02,-9999
70863,145,28.8667488,-88.9073753,12457,12429.9,38973,40707,252.1,463.0,249.8,0.81,0.0,107.9,106.1,-1.8,1.1,0.1,-57.0,344.0,-9999,-28.8,14.5,197.03,781.16,15.9,257.8,25.5,65.3,-101.7,149.6,-9999,-9999,0.03,0.02,-9999
70864,145,28.8662338,-88.9049721,12457,12429.7,38972,40689,252.0,462.9,249.8,0.81,0.0,107.9,106.1,-1.8,1.1,0.1,-57.0,344.0,-9999,-28.8,14.5,197.04,781.16,15.9,258.1,25.5,65.3,-101.6,149.6,-9999,-9999,0.03,0.02,-9999
70865,145,28.8655472,-88.9025688,12457,12429.5,38971,40674,252.0,462.9,249.8,0.81,0.0,107.9,106.1,-1.8,1.1,0.0,-57.0,344.0,-9999,-28.8,14.5,197.05,781.92,15.9,258.1,25.5,65.3,-101.6,149.6,-9999,-9999,0.03,0.02,-9999
70866,145,28.8648605,-88.8999939,12457,12429.3,38971,40723,251.9,462.9,249.8,0.81,-0.1,107.9,106.1,-1.8,1.1,0.0,-57.0,344.0,-9999,-28.8,14.5,197.05,781.54,15.7,257.7,25.5,65.3,-101.6,149.6,-9999,-9999,0.03,0.02,-9999
70867,145,28.8643456,-88.8975906,12457,12429.2,38970,40644,251.9,462.9,249.8,0.81,-0.1,107.9,106.1,-1.8,1.1,0.0,-57.0,344.0,-9999,-28.8,14.5,197.06,781.29,15.8,258.0,25.5,65.3,-101.6,149.6,-9999,-9999,0.03,0.02,-9999
70868,145,28.8636589,-88.8950157,12457,12429.0,38970,40665,252.0,463.0,249.8,0.81,-0.1,107.9,106.1,-1.8,1.1,0.0,-57.0,343.9,-9999,-28.8,14.5,197.06,780.66,15.8,258.1,25.5,65.3,-101.6,149.6,-9999,-9999,0.03,0.02,-9999
70869,145,28.8629723,-88.8926125,12456,12428.9,38970,40650,252.1,462.9,249.8,0.81,-0.1,107.9,106.1,-1.8,1.1,0.0,-57.0,344.0,-9999,-28.8,14.6,197.06,781.54,15.9,258.2,25.5,65.3,-101.6,149.7,-9999,-9999,0.03,0.02,-9999
70870,145,28.8624573,-88.8902092,12456,12428.7,38968,40670,252.0,462.9,249.8,0.81,-0.2,107.8,106.1,-1.8,1.1,0.1,-57.1,343.8,-9999,-28.9,14.6,197.08,781.04,15.8,258.4,25.5,65.3,-101.6,149.8,-9999,-9999,0.03,0.02,-9999
70871,145,28.8617706,-88.8876343,12456,12428.6,38967,40657,252.0,462.8,249.8,0.81,-0.2,107.8,106.1,-1.8,1.2,0.1,-57.0,344.0,-9999,-28.8,14.6,197.08,780.91,15.8,258.6,25.5,65.3,-101.6,149.9,-9999,-9999,0.03,0.02,-9999
70872,145,28.8610840,-88.8850594,12456,12428.5,38967,40646,251.9,462.9,249.8,0.81,-0.2,107.8,106.1,-1.8,1.2,0.2,-57.0,344.0,-9999,-28.8,14.6,197.08,780.66,15.7,258.3,25.5,65.3,-101.6,149.9,-9999,-9999,0.03,0.02,-9999
70873,145,28.8605690,-88.8826561,12456,12428.5,38967,40680,252.0,462.8,249.8,0.81,-0.1,107.8,106.1,-1.8,1.2,0.2,-57.0,344.0,-9999,-28.8,14.6,197.08,780.79,15.8,258.4,25.5,65.4,-101.6,149.9,-9999,-9999,0.03,0.02,-9999
70874,145,28.8598824,-88.8802528,12456,12428.5,38967,40642,252.0,462.8,249.7,0.81,0.0,107.8,106.1,-1.8,1.2,0.2,-57.1,343.8,-9999,-28.9,14.6,197.08,781.29,15.8,258.6,25.5,65.4,-101.6,150.0,-9999,-9999,0.03,0.02,-9999
70875,145,28.8591957,-88.8776779,12456,12428.6,38967,40686,252.1,462.7,249.6,0.81,0.0,107.8,106.1,-1.8,1.2,0.2,-57.1,343.9,-9999,-28.9,14.6,197.08,781.16,15.9,258.9,25.5,65.4,-101.6,150.0,-9999,-9999,0.03,0.02,-9999
70876,145,28.8586807,-88.8752747,12456,12428.7,38967,40688,252.0,462.7,249.6,0.81,0.0,107.8,106.1,-1.7,1.2,0.2,-57.0,344.0,-9999,-28.8,14.6,197.08,781.54,15.9,258.8,25.5,65.4,-101.6,150.1,-9999,-9999,0.03,0.02,-9999
70877,145,28.8579941,-88.8726997,12456,12428.9,38968,40655,252.0,462.7,249.7,0.81,0.0,107.8,106.1,-1.8,1.2,0.3,-57.0,344.0,-9999,-28.8,14.6,197.08,781.16,15.9,258.5,25.6,65.4,-101.6,150.1,-9999,-9999,0.03,0.02,-9999
70878,145,28.8573074,-88.8702965,12457,12429.1,38969,40648,251.9,462.7,249.6,0.81,0.2,107.8,106.1,-1.8,1.2,0.3,-57.0,344.0,-9999,-28.8,14.6,197.07,780.66,15.8,258.3,25.6,65.5,-101.5,150.3,-9999,-9999,0.03,0.02,-9999
70879,145,28.8567924,-88.8677216,12457,12429.3,38969,40737,251.9,462.6,249.6,0.81,0.2,107.8,106.1,-1.8,1.2,0.4,-57.0,344.0,-9999,-28.8,14.6,197.07,781.54,15.9,258.8,25.6,65.5,-101.5,150.4,-9999,-9999,0.03,0.02,-9999
70880,145,28.8561058,-88.8653183,12457,12429.5,38969,40655,251.9,462.4,249.4,0.81,0.0,107.8,106.1,-1.7,1.2,0.4,-56.9,344.1,-9999,-28.8,14.6,197.07,781.29,15.9,259.5,25.6,65.4,-101.5,150.2,-9999,-9999,0.03,0.02,-9999
70881,145,28.8554192,-88.8629150,12457,12429.6,38969,40687,252.0,462.4,249.5,0.81,0.0,107.8,106.1,-1.7,1.2,0.2,-56.9,344.1,-9999,-28.8,14.6,197.07,781.42,15.8,260.1,25.6,65.3,-101.5,149.9,-9999,-9999,0.03,0.02,-9999
70882,145,28.8549042,-88.8603401,12458,12429.8,38969,40760,251.9,462.5,249.5,0.81,0.0,107.7,106.1,-1.7,1.2,0.1,-56.9,344.2,-9999,-28.7,14.6,197.07,781.04,15.7,260.1,25.6,65.3,-101.5,150.0,-9999,-9999,0.03,0.02,-9999
70883,145,28.8542175,-88.8579369,12458,12430.0,38971,40760,251.9,462.5,249.5,0.81,0.2,107.7,106.1,-1.6,1.2,0.2,-56.9,344.2,-9999,-28.7,14.6,197.05,781.29,15.6,260.4,25.6,65.4,-101.5,150.2,-9999,-9999,0.03,0.02,-9999
70884,145,28.8535309,-88.8553619,12458,12430.1,38972,40729,251.9,462.6,249.5,0.81,0.2,107.7,106.1,-1.6,1.2,0.3,-56.9,344.2,-9999,-28.7,14.6,197.04,781.04,15.5,260.8,25.6,65.3,-101.5,150.2,-9999,-9999,0.03,0.02,-9999
70885,145,28.8530159,-88.8529587,12458,12430.1,38973,40699,251.9,462.5,249.4,0.81,0.2,107.7,106.1,-1.6,1.2,0.2,-56.8,344.2,-9999,-28.7,14.6,197.03,781.16,15.6,261.1,25.6,65.3,-101.5,150.2,-9999,-9999,0.03,0.02,-9999
70886,145,28.8523293,-88.8505554,12458,12430.2,38973,40723,251.9,462.5,249.4,0.81,0.2,107.7,106.1,-1.6,1.2,0.2,-56.8,344.2,-9999,-28.7,14.5,197.03,781.04,15.5,261.0,25.6,65.3,-101.5,150.2,-9999,-9999,0.03,0.02,-9999
70887,145,28.8516426,-88.8479805,12458,12430.1,38972,40680,251.9,462.4,249.4,0.81,0.0,107.7,106.1,-1.6,1.2,0.2,-56.8,344.2,-9999,-28.7,14.5,197.04,781.16,15.6,261.4,25.6,65.3,-101.5,150.3,-9999,-9999,0.03,0.02,-9999
70888,145,28.8511276,-88.8455772,12458,12430.0,38971,40696,251.9,462.5,249.4,0.81,-0.1,107.7,106.1,-1.6,1.2,0.2,-56.8,344.2,-9999,-28.7,14.5,197.05,780.91,15.6,261.1,25.6,65.3,-101.5,150.4,-9999,-9999,0.03,0.02,-9999
70889,145,28.8504410,-88.8430023,12458,12429.9,38971,40734,251.9,462.4,249.4,0.81,-0.1,107.7,106.1,-1.6,1.2,0.3,-56.8,344.2,-9999,-28.7,14.5,197.05,781.54,15.6,261.1,25.6,65.4,-101.5,150.5,-9999,-9999,0.03,0.02,-9999
70890,145,28.8497543,-88.8405991,12458,12429.8,38970,40650,251.8,462.4,249.4,0.81,-0.1,107.7,106.1,-1.6,1.2,0.4,-56.8,344.2,-9999,-28.7,14.5,197.06,781.16,15.5,261.0,25.6,65.4,-101.5,150.5,-9999,-9999,0.03,0.02,-9999
70891,145,28.8492393,-88.8380241,12457,12429.6,38969,40658,251.8,462.4,249.4,0.81,-0.2,107.7,106.1,-1.6,1.2,0.4,-56.8,344.2,-9999,-28.7,14.5,197.07,781.16,15.5,261.1,25.6,65.4,-101.5,150.5,-9999,-9999,0.03,0.02,-9999
70892,145,28.8485527,-88.8356209,12457,12429.5,38969,40713,251.9,462.4,249.4,0.81,-0.2,107.7,106.1,-1.6,1.2,0.3,-56.8,344.2,-9999,-28.7,14.5,197.07,781.16,15.6,261.1,25.6,65.3,-101.5,150.4,-9999,-9999,0.03,0.02,-9999
70893,145,28.8478661,-88.8332176,12457,12429.4,38968,40675,251.9,462.2,249.3,0.81,-0.1,107.7,106.1,-1.6,1.2,0.3,-56.8,344.3,-9999,-28.7,14.5,197.08,781.16,15.7,261.2,25.6,65.3,-101.4,150.4,-9999,-9999,0.03,0.02,-9999
70894,145,28.8473511,-88.8306427,12457,12429.2,38968,40686,251.8,462.2,249.3,0.81,-0.2,107.7,106.1,-1.6,1.2,0.3,-56.8,344.3,-9999,-28.7,14.5,197.08,781.29,15.7,260.5,25.6,65.4,-101.4,150.4,-9999,-9999,0.03,0.02,-9999
70895,145,28.8466644,-88.8282394,12457,12429.1,38967,40703,251.8,462.2,249.2,0.81,-0.2,107.8,106.1,-1.6,1.2,0.4,-56.8,344.3,-9999,-28.7,14.5,197.08,781.16,15.7,260.3,25.7,65.4,-101.4,150.5,-9999,-9999,0.03,0.02,-9999
70896,145,28.8459778,-88.8256645,12457,12429.0,38967,40628,251.8,462.1,249.1,0.81,-0.1,107.8,106.1,-1.6,1.2,0.4,-56.8,344.3,-9999,-28.7,14.5,197.08,781.16,15.7,260.8,25.7,65.4,-101.4,150.5,-9999,-9999,0.03,0.02,-9999
70897,145,28.8454628,-88.8232613,12457,12428.9,38966,40720,251.8,462.1,249.1,0.81,-0.1,107.7,106.1,-1.6,1.2,0.3,-56.8,344.3,-9999,-28.7,14.6,197.09,781.16,15.7,261.0,25.7,65.3,-101.4,150.2,-9999,-9999,0.03,0.02,-9999
70898,145,28.8447762,-88.8206863,12457,12428.9,38966,40668,251.9,462.0,249.1,0.81,-0.1,107.7,106.1,-1.6,1.2,0.2,-56.9,344.1,-9999,-28.8,14.6,197.09,781.54,15.8,261.2,25.7,65.2,-101.4,149.9,-9999,-9999,0.03,0.02,-9999
70899,145,28.8440895,-88.8182831,12457,12428.9,38966,40662,251.9,462.0,249.1,0.81,0.0,107.7,106.1,-1.6,1.2,0.0,-56.9,344.1,-9999,-28.8,14.6,197.09,781.54,15.8,261.0,25.7,65.2,-101.4,149.8,-9999,-9999,0.03,0.02,-9999
70900,145,28.8435745,-88.8158798,12456,12428.9,38966,40640,251.8,462.0,249.1,0.81,0.0,107.8,106.1,-1.6,1.2,0.0,-56.9,344.1,-9999,-28.8,14.6,197.09,781.54,15.8,260.7,25.7,65.2,-101.4,149.8,-9999,-9999,0.03,0.02,-9999
70901,145,28.8428879,-88.8133049,12456,12429.0,38967,40675,251.8,462.1,249.2,0.81,0.0,107.8,106.1,-1.6,1.2,0.0,-56.9,344.1,-9999,-28.8,14.6,197.08,780.66,15.7,260.4,25.7,65.1,-101.4,149.8,-9999,-9999,0.03,0.02,-9999
70902,145,28.8422012,-88.8109016,12456,12429.1,38968,40615,251.8,462.0,249.1,0.81,0.1,107.8,106.1,-1.7,1.2,0.0,-56.9,344.1,-9999,-28.8,14.6,197.08,781.54,15.8,260.2,25.7,65.1,-101.4,149.8,-9999,-9999,0.03,0.02,-9999
70903,145,28.8416862,-88.8083267,12456,12429.3,38968,40667,251.8,462.0,249.1,0.81,0.2,107.8,106.1,-1.7,1.2,0.0,-57.0,344.0,-9999,-28.9,14.5,197.08,781.16,15.9,259.7,25.7,65.1,-101.4,149.8,-9999,-9999,0.03,0.02,-9999
70904,145,28.8409996,-88.8059235,12456,12429.5,38968,40646,251.9,462.0,249.1,0.81,0.2,107.8,106.1,-1.7,1.2,0.0,-57.0,344.0,-9999,-28.9,14.5,197.08,781.16,16.0,259.7,25.7,65.1,-101.4,149.9,-9999,-9999,0.03,0.02,-9999
70905,145,28.8403130,-88.8033485,12457,12429.7,38969,40657,251.9,461.9,249.1,0.81,0.1,107.8,106.1,-1.7,1.2,0.1,-57.0,344.0,-9999,-28.9,14.5,197.07,781.29,16.0,259.5,25.7,65.1,-101.4,149.9,-9999,-9999,0.03,0.02,-9999
70906,145,28.8397980,-88.8009453,12457,12429.9,38969,40670,251.8,461.9,249.1,0.81,0.0,107.8,106.1,-1.7,1.2,0.1,-57.0,344.0,-9999,-28.9,14.5,197.07,780.91,16.0,259.2,25.7,65.1,-101.4,150.0,-9999,-9999,0.03,0.02,-9999
70907,145,28.8391113,-88.7985420,12457,12430.2,38969,40660,251.8,461.9,249.1,0.81,0.0,107.8,106.1,-1.7,1.2,0.1,-57.0,344.0,-9999,-28.9,14.5,197.07,780.91,16.0,259.0,25.7,65.2,-101.3,150.1,-9999,-9999,0.03,0.02,-9999
70908,145,28.8384247,-88.7959671,12457,12430.4,38970,40734,251.8,461.9,249.2,0.81,0.1,107.8,106.1,-1.8,1.2,0.2,-57.0,344.0,-9999,-28.9,14.5,197.06,781.16,16.1,258.8,25.7,65.2,-101.3,150.4,-9999,-9999,0.03,0.02,-9999
70909,145,28.8379097,-88.7935638,12458,12430.7,38971,40684,251.8,462.1,249.2,0.81,0.2,107.8,106.1,-1.8,1.2,0.3,-57.0,344.0,-9999,-28.9,14.5,197.05,781.16,16.0,258.9,25.7,65.3,-101.3,150.6,-9999,-9999,0.03,0.02,-9999
70910,145,28.8372231,-88.7909889,12459,12431.0,38972,40656,251.8,461.9,249.2,0.81,0.2,107.8,106.1,-1.8,1.2,0.4,-57.0,344.0,-9999,-28.9,14.5,197.04,781.16,16.1,259.0,25.7,65.3,-101.3,150.6,-9999,-9999,0.03,0.02,-9999
70911,145,28.8365364,-88.7885857,12459,12431.3,38973,40637,251.9,461.9,249.1,0.81,0.2,107.8,106.1,-1.8,1.2,0.4,-56.9,344.2,-9999,-28.8,14.5,197.03,781.29,16.1,259.0,25.7,65.3,-101.3,150.6,-9999,-9999,0.03,0.02,-9999
70912,145,28.8360214,-88.7861824,12459,12431.6,38975,40649,251.8,462.1,249.3,0.81,0.3,107.9,106.1,-1.8,1.2,0.4,-56.9,344.1,-9999,-28.8,14.5,197.01,781.16,16.0,258.6,25.7,65.3,-101.3,150.6,-9999,-9999,0.03,0.02,-9999
70913,145,28.8353348,-88.7836075,12460,12431.9,38975,40660,251.8,462.1,249.3,0.81,0.3,107.9,106.1,-1.8,1.2,0.4,-56.9,344.1,-9999,-28.8,14.5,197.01,781.16,16.0,258.4,25.8,65.3,-101.3,150.7,-9999,-9999,0.03,0.02,-9999
