mdx/test/fixtures/IMPACTS_WISPER_CWC_P3_20200201_R0_SF03.ict
38, 1001
Toohey, Darin; Noone, David; Wein, Emily
University of Colorado; Atmospheric Investigations
WISPER: Condensed water concentration (ice + liquid water) from cavity ringdown spectrometer measurements of vaporized condensed water particles in heated counterflow virtual impactor inlet.
NASA IMPACTS Mission 2020
1,1
2020, 02, 01, 2021, 10, 03
1.0
Start_UTC, seconds, seconds since start of day of record
6
1, 1, 1, 1, 1, 1
-9999, -9999, -9999, -9999, -9999, -9999
CWC, g/(m^3), condensed water concentration (ice + liquid water)
H2O_VAP, ppm, water vapor mixing ratio
DELTAD_C, permil, HDO/H2(16)O ratio in condensed water
DELTAO18_C, permil, H2(18)O/H2(16)O ratio in condensed water
DELTAD_V, permil, HDO/H2(16)O ratio in water vapor
DELTAO18_V, permil, H2(18)O/H2(16)O ratio in water vapor
0
18
PI_CONTACT_INFO:  University of Colorado - ATOC; 4001 Discovery Drive, Boulder, CO 80303; toohey@colorado.edu
PLATFORM: NASA P3 (ORION)- sampling from CVI inlet and a backward facing pick off tube on port side of fuselage
LOCATION: Aircraft location data available TBD
ASSOCIATED_DATA: N/A
INSTRUMENT_INFO: TBD
DATA_INFO: Condensed water concentration is corrected for inertial enhancement of particle concentrations in subisokinetic inlet.
UNCERTAINTY:  The uncertainty is estimated to be +/- 10% CWC (1-sigma); Contact PIs for uncertainties in water vapor and isotopologue ratios
ULOD_FLAG: -7777
ULOD_VALUE: N/A
LLOD_FLAG: -8888
LLOD_VALUE: N/A
DM_CONTACT_INFO: TBD
PROJECT_INFO:  IMPACTS Mission Jan – Feb, 2020; based in Wallops Island, Virgnia.
STIPULATIONS_ON_USE: Please consult IMPACTS data policy
OTHER_COMMENTS: none.
REVISION: R0
R0: Post-mission calibrations for H2O and isotopologues applied. Additional QA/QC is needed for water vapor and isotopologues to account for condensation and icing on vapor phase inlet.
Start_UTC, CWC, H2O_VAP, DELTAD_C, DELTAO18_C, DELTAD_V, DELTAO18_V
[from data line 5398]
46868,0.30702891,-9999,-120.75,-14.37,-9999,-9999
46869,0.341671029,-9999,-116.27,-13.45,-9999,-9999
46870,0.286205946,-9999,-127.54,-14.93,-9999,-9999
46871,0.252383726,-9999,-129.65,-14.4,-9999,-9999
46872,0.253714539,-9999,-120.31,-14.67,-9999,-9999
46873,0.24693883,-9999,-126.97,-14.63,-9999,-9999
46874,0.273994881,-9999,-132.5,-14.41,-9999,-9999
46875,0.273220991,-9999,-125.09,-14.38,-9999,-9999
46876,0.290323065,-9999,-124.72,-14.65,-9999,-9999
46877,0.318846314,-9999,-125.03,-15.22,-9999,-9999
46878,0.317574738,-9999,-135.37,-14.58,-9999,-9999
46879,0.277918713,-9999,-124.85,-15.33,-9999,-9999
46880,0.366891732,-9999,-125.89,-14.63,-9999,-9999
46881,0.381801074,-9999,-122.48,-14.61,-9999,-9999
46882,0.40590282,-9999,-126.43,-14.94,-9999,-9999
46883,0.462654167,-9999,-118.37,-13.96,-9999,-9999
46884,0.429295447,-9999,-120.23,-14.57,-9999,-9999
46885,0.494674179,-9999,-121.06,-14.2,-9999,-9999
46886,0.440391917,-9999,-117.41,-14.23,-9999,-9999
46887,0.435478604,-9999,-123.9,-13.94,-9999,-9999
46888,0.434730284,-9999,-118.23,-13.65,-9999,-9999
46889,0.491210542,-9999,-116.77,-13.98,-9999,-9999
46890,0.550677694,-9999,-116.83,-13.62,-9999,-9999
46891,0.538937967,-9999,-120.47,-13.86,-9999,-9999
46892,0.522034508,-9999,-118.41,-14.1,-9999,-9999
46893,0.533903123,-9999,-122.29,-13.68,-9999,-9999
46894,0.481383829,-9999,-115.21,-15.16,-9999,-9999
46895,0.475278442,-9999,-125.14,-14.8,-9999,-9999
46896,0.405586343,-9999,-120.55,-14.54,-9999,-9999
46897,0.382796451,-9999,-117.47,-14.18,-9999,-9999
46898,0.403807623,-9999,-113.26,-14,-9999,-9999
46899,0.370331741,-9999,-117.41,-14.14,-9999,-9999
46900,0.395060814,-9999,-124.64,-13.26,-9999,-9999
46901,0.340764909,-9999,-127.25,-13.85,-9999,-9999
46902,0.349721345,-9999,-119.34,-14.78,-9999,-9999
46903,0.329466357,-9999,-119.53,-14.33,-9999,-9999
46904,0.30915556,-9999,-115.74,-14.24,-9999,-9999
46905,0.341752781,-9999,-120.32,-14.29,-9999,-9999
46906,0.369795899,-9999,-120.94,-14.09,-9999,-9999
46907,0.33707999,-9999,-113.35,-14.04,-9999,-9999
46908,0.342903576,-9999,-115.96,-13.95,-9999,-9999
46909,0.340457614,-9999,-116.82,-14.01,-9999,-9999
46910,0.359255015,-9999,-118.43,-13.46,-9999,-9999
46911,0.343645825,-9999,-112.33,-14.4,-9999,-9999
46912,0.388950329,-9999,-115.59,-13.75,-9999,-9999
46913,0.4185808,-9999,-109.61,-12.91,-9999,-9999
46914,0.417872115,-9999,-107.44,-13.3,-9999,-9999
46915,0.411380012,-9999,-113.22,-13.65,-9999,-9999
46916,0.41103325,-9999,-108.36,-13.45,-9999,-9999
46917,0.393175582,-9999,-107.71,-13.06,-9999,-9999
46918,0.347067713,-9999,-119.82,-12.65,-9999,-9999
46919,0.38058487,-9999,-107.45,-13.93,-9999,-9999
46920,0.387255697,-9999,-114.78,-12.97,-9999,-9999
46921,0.406492965,-9999,-114.56,-13.19,-9999,-9999
46922,0.408792446,-9999,-113.28,-13.85,-9999,-9999
46923,0.389499386,-9999,-116.24,-13.81,-9999,-9999
46924,0.307220479,-9999,-123.18,-13.71,-9999,-9999
46925,0.295447293,-9999,-118.81,-13.59,-9999,-9999
46926,0.33850605,-9999,-125.21,-13.34,-9999,-9999
46927,0.316178421,-9999,-123.8,-14.93,-9999,-9999
46928,0.327730121,-9999,-110.42,-13.83,-9999,-9999
46929,0.311082138,-9999,-114.33,-13.78,-9999,-9999
46930,0.276577839,-9999,-114.33,-13.78,-9999,-9999
46931,0.309036111,-9999,-120.8,-13.99,-9999,-9999
46932,0.328088284,-9999,-114.24,-13.91,-9999,-9999
46933,0.366822509,-9999,-116.98,-13.22,-9999,-9999
46934,0.366887375,-9999,-112.7,-12.82,-9999,-9999
46935,0.393317904,-9999,-111.77,-13.07,-9999,-9999
46936,0.400812911,-9999,-113.9,-13.12,-9999,-9999
46937,0.411854988,-9999,-114.01,-12.7,-9999,-9999
46938,0.44451818,-9999,-111.54,-13.31,-9999,-9999
46939,0.454538438,-9999,-111.54,-13.31,-9999,-9999
46940,0.464506799,-9999,-120.1,-13.21,-9999,-9999
46941,0.416625152,-9999,-114.39,-13.2,-9999,-9999
46942,0.395472207,-9999,-116.72,-13.33,-9999,-9999
46943,0.427203034,-9999,-108.96,-13.53,-9999,-9999
46944,0.360113595,-9999,-123.82,-13.42,-9999,-9999
46945,0.390425708,-9999,-119.98,-13.72,-9999,-9999
46946,0.344290213,-9999,-126.89,-14.16,-9999,-9999
46947,0.37156054,-9999,-126.89,-14.16,-9999,-9999
46948,0.362257121,-9999,-119.86,-14.35,-9999,-9999
46949,0.31955085,-9999,-125.85,-14.81,-9999,-9999
46950,0.285230683,-9999,-125.58,-14.42,-9999,-9999
46951,0.289612523,-9999,-123.97,-14.99,-9999,-9999
46952,0.288928294,-9999,-120.12,-14.46,-9999,-9999
46953,0.304157321,-9999,-121.97,-14.57,-9999,-9999
46954,0.267249417,-9999,-130.55,-14.2,-9999,-9999
46955,0.277915633,-9999,-122.72,-15.23,-9999,-9999
46956,0.25216099,-9999,-128.52,-15.33,-9999,-9999
46957,0.252722636,-9999,-128.52,-15.33,-9999,-9999
46958,0.237672485,-9999,-134.86,-14.95,-9999,-9999
46959,0.242982362,-9999,-140.26,-14.86,-9999,-9999
46960,0.236715475,-9999,-131.63,-15.2,-9999,-9999
46961,0.288478728,-9999,-127.09,-14.89,-9999,-9999
46962,0.280358885,-9999,-130.25,-15.2,-9999,-9999
46963,0.255967983,-9999,-114.08,-15.39,-9999,-9999
46964,0.307577,-9999,-139.5,-14.73,-9999,-9999
46965,0.297122668,-9999,-133.86,-14.98,-9999,-9999
46966,0.260091766,-9999,-133.86,-14.98,-9999,-9999
46967,0.327347543,-9999,-137.42,-15.6,-9999,-9999
46968,0.278557321,-9999,-120.97,-16.36,-9999,-9999
46969,0.226705009,-9999,-125.36,-16.47,-9999,-9999
46970,0.239427321,-9999,-144.82,-15.23,-9999,-9999
46971,0.207298204,-9999,-136.62,-15.93,-9999,-9999
46972,0.259969797,-9999,-139.4,-16.71,-9999,-9999
46973,0.267362225,-9999,-148.21,-16.74,-9999,-9999
46974,0.25243987,-9999,-143.05,-16.37,-9999,-9999
46975,0.271743741,-9999,-143.05,-16.37,-9999,-9999
46976,0.282275258,-9999,-128.72,-16.88,-9999,-9999
46977,0.300298746,-9999,-132.55,-16.58,-9999,-9999
46978,0.32974097,-9999,-139.53,-15.5,-9999,-9999
46979,0.334230208,-9999,-126.08,-14.48,-9999,-9999
46980,0.368342529,-9999,-121.48,-13.31,-9999,-9999
46981,0.416238144,-9999,-117.62,-12.88,-9999,-9999
46982,0.365758309,-9999,-119.98,-13.47,-9999,-9999
46983,0.363538308,-9999,-126.56,-14.13,-9999,-9999
46984,0.34415041,-9999,-126.56,-14.13,-9999,-9999
46985,0.314098798,-9999,-137.79,-14.54,-9999,-9999
46986,0.308966638,-9999,-139.89,-14.47,-9999,-9999
46987,0.327356033,-9999,-130.69,-14.98,-9999,-9999
46988,0.33977307,-9999,-127.2,-15.06,-9999,-9999
46989,0.351947174,-9999,-128.64,-14.99,-9999,-9999
46990,0.301623418,-9999,-144.46,-15.02,-9999,-9999
46991,0.349611622,-9999,-132.29,-15.09,-9999,-9999
46992,0.30680214,-9999,-127.99,-15.29,-9999,-9999
46993,0.296592596,-9999,-127.99,-15.29,-9999,-9999
46994,0.29131489,-9999,-129.95,-14.92,-9999,-9999
46995,0.2849416,-9999,-131.47,-15.21,-9999,-9999
46996,0.324795029,-9999,-127.6,-15.06,-9999,-9999
46997,0.294538871,-9999,-134.99,-15.7,-9999,-9999
46998,0.342051366,-9999,-134.79,-14.92,-9999,-9999
46999,0.41658274,-9999,-128.61,-16.27,-9999,-9999
47000,0.230363163,-9999,-139.28,-15.64,-9999,-9999
47001,0.395274332,-9999,-131.13,-15.68,-9999,-9999
47002,0.333055892,-9999,-131.13,-15.68,-9999,-9999
47003,0.250953317,-9999,-148.3,-16.59,-9999,-9999
47004,0.242842372,-9999,-139.58,-15.87,-9999,-9999
47005,0.23787294,-9999,-127.43,-15.92,-9999,-9999
47006,0.238827164,-9999,-133.27,-15.64,-9999,-9999
47007,0.248574187,-9999,-135.61,-16.21,-9999,-9999
47008,0.229881682,-9999,-137.67,-15.59,-9999,-9999
47009,0.253563863,-9999,-127.49,-15.68,-9999,-9999
47010,0.241468933,-9999,-134.06,-15.29,-9999,-9999
47011,0.2376635,-9999,-134.06,-15.29,-9999,-9999
47012,0.245450803,-9999,-148.05,-15.63,-9999,-9999
47013,0.253479272,-9999,-128.02,-16.57,-9999,-9999
47014,0.247344249,-9999,-131.02,-16.07,-9999,-9999
47015,0.225952589,-9999,-140.83,-16.01,-9999,-9999
47016,0.222749658,-9999,-134.99,-15.8,-9999,-9999
47017,0.238377195,-9999,-145.45,-15.19,-9999,-9999
47018,0.23045336,-9999,-129.55,-16.29,-9999,-9999
47019,0.232038818,-9999,-141.32,-16.33,-9999,-9999
47020,0.267792637,-9999,-141.32,-16.33,-9999,-9999
47021,0.231168718,-9999,-142.05,-16.09,-9999,-9999
47022,0.225128787,-9999,-129.91,-16.02,-9999,-9999
47023,0.236602439,-9999,-152.47,-16.74,-9999,-9999
47024,0.25143454,-9999,-143.77,-16.21,-9999,-9999
47025,0.24378889,-9999,-136.43,-15.89,-9999,-9999
47026,0.29829071,-9999,-130.87,-15.21,-9999,-9999
47027,0.306014607,-9999,-136.4,-14.57,-9999,-9999
47028,0.309224182,-9999,-130.15,-15.29,-9999,-9999
47029,0.291217169,-9999,-133.76,-15.2,-9999,-9999
47030,0.338937749,-9999,-133.76,-15.2,-9999,-9999
47031,0.302473086,-9999,-136.5,-15.14,-9999,-9999
47032,0.249767301,-9999,-139.28,-15.75,-9999,-9999
47033,0.238878325,-9999,-134.9,-15.67,-9999,-9999
47034,0.220428711,-9999,-136.05,-16.07,-9999,-9999
47035,0.228514722,-9999,-147.91,-15.51,-9999,-9999
47036,0.225610195,-9999,-134,-15.87,-9999,-9999
47037,0.237093439,-9999,-137.84,-16.24,-9999,-9999
47038,0.254032744,-9999,-138.86,-15.3,-9999,-9999
47039,0.250465439,-9999,-138.86,-15.3,-9999,-9999
47040,0.254256785,-9999,-146.27,-16.35,-9999,-9999
47041,0.243750074,-9999,-143.84,-16.01,-9999,-9999
47042,0.238887802,-9999,-153.69,-15.64,-9999,-9999
47043,0.248367476,-9999,-138.82,-15.35,-9999,-9999
47044,0.249475795,-9999,-139.29,-15.72,-9999,-9999
47045,0.254745865,-9999,-140.24,-15.34,-9999,-9999
47046,0.246635818,-9999,-151.41,-15.3,-9999,-9999
47047,0.26747428,-9999,-145.25,-15.35,-9999,-9999
47048,0.235856366,-9999,-145.25,-15.35,-9999,-9999
47049,0.268492551,-9999,-135.38,-15.07,-9999,-9999
47050,0.274686411,-9999,-127.05,-15.68,-9999,-9999
47051,0.246455442,-9999,-130.08,-15.66,-9999,-9999
47052,0.265229644,-9999,-132.48,-15.27,-9999,-9999
47053,0.259457971,-9999,-135.55,-15.35,-9999,-9999
47054,0.255652477,-9999,-135.35,-15.58,-9999,-9999
47055,0.265625616,-9999,-138.75,-14.95,-9999,-9999
47056,0.259910785,-9999,-128.11,-15.49,-9999,-9999
47057,0.24960081,-9999,-128.11,-15.49,-9999,-9999
47058,0.268940827,-9999,-139.68,-15.39,-9999,-9999
47059,0.263627366,-9999,-125.67,-15.28,-9999,-9999
47060,0.263531582,-9999,-134.39,-15.93,-9999,-9999
47061,0.269406237,-9999,-134.79,-15.48,-9999,-9999
47062,0.249344181,-9999,-136.89,-14.77,-9999,-9999
47063,0.281062141,-9999,-127.46,-15.52,-9999,-9999
47064,0.289539061,-9999,-145.08,-15.24,-9999,-9999
47065,0.312972921,-9999,-131.34,-14.99,-9999,-9999
47066,0.295609356,-9999,-131.34,-14.99,-9999,-9999
47067,0.328817639,-9999,-123.79,-15.21,-9999,-9999
47068,0.349783431,-9999,-125.01,-15.15,-9999,-9999
47069,0.337140661,-9999,-123.73,-14.12,-9999,-9999
47070,0.319491521,-9999,-130.66,-13.6,-9999,-9999
47071,0.38323616,-9999,-118.86,-15.01,-9999,-9999
47072,0.335465387,-9999,-126.03,-14.49,-9999,-9999
47073,0.355987258,-9999,-127.78,-14.57,-9999,-9999
47074,0.312932477,-9999,-133.68,-14.42,-9999,-9999
47075,0.301596417,-9999,-133.68,-14.42,-9999,-9999
47076,0.28918638,-9999,-132.34,-14.18,-9999,-9999
47077,0.306014143,-9999,-125.91,-15.12,-9999,-9999
47078,0.289383333,-9999,-126.44,-14.57,-9999,-9999
47079,0.277812153,-9999,-133.24,-14.57,-9999,-9999
47080,0.268862246,-9999,-121.44,-14.91,-9999,-9999
47081,0.272151585,-9999,-137.15,-14.84,-9999,-9999
47082,0.259880196,-9999,-134.37,-14.47,-9999,-9999
47083,0.259171834,-9999,-137.37,-15.01,-9999,-9999
47084,0.264131322,-9999,-137.37,-15.01,-9999,-9999
47085,0.260176431,-9999,-131.34,-14.57,-9999,-9999
47086,0.260794252,-9999,-128.06,-15.1,-9999,-9999
47087,0.256466546,-9999,-133.68,-14.84,-9999,-9999
47088,0.246163975,-9999,-133.6,-14.25,-9999,-9999
47089,0.249374285,-9999,-129.74,-14.94,-9999,-9999
47090,0.248426228,-9999,-154.29,-15.22,-9999,-9999
47091,0.24566651,-9999,-140.94,-14.87,-9999,-9999
47092,0.253304411,-9999,-147.41,-14.78,-9999,-9999
47093,0.242954498,-9999,-128.18,-14.74,-9999,-9999
47094,0.252072252,-9999,-128.18,-14.74,-9999,-9999
47095,0.254292701,-9999,-140.12,-14.92,-9999,-9999
47096,0.261221256,-9999,-139.86,-15.23,-9999,-9999
47097,0.263239675,-9999,-141.16,-14.75,-9999,-9999
47098,0.239305947,-9999,-154.99,-15.51,-9999,-9999
47099,0.248525229,-9999,-139.92,-15.16,-9999,-9999
47100,0.24219509,-9999,-141.61,-14.94,-9999,-9999
47101,0.224055207,-9999,-134.09,-15.31,-9999,-9999
47102,0.228475428,-9999,-142.61,-15.6,-9999,-9999
47103,0.228897129,-9999,-142.61,-15.6,-9999,-9999
47104,0.21764684,-9999,-136.31,-15.67,-9999,-9999
47105,0.211299854,-9999,-145.16,-15.63,-9999,-9999
47106,0.20899688,-9999,-138.72,-16.67,-9999,-9999
47107,0.212452224,-9999,-139.65,-15.7,-9999,-9999
47108,0.216059289,-9999,-141.51,-15.52,-9999,-9999
47109,0.235915633,-9999,-140.59,-15.52,-9999,-9999
47110,0.221934152,-9999,-151.72,-16.03,-9999,-9999
47111,0.242736197,-9999,-128.74,-15.35,-9999,-9999
47112,0.22781645,-9999,-158.48,-15.51,-9999,-9999
47113,0.224038583,-9999,-158.48,-15.51,-9999,-9999
47114,0.219324572,-9999,-144.42,-16,-9999,-9999
47115,0.226397109,-9999,-132.24,-14.95,-9999,-9999
47116,0.234888205,-9999,-143.78,-15.01,-9999,-9999
47117,0.244543885,-9999,-126.01,-15.06,-9999,-9999
47118,0.245160515,-9999,-130.8,-15.81,-9999,-9999
47119,0.244478027,-9999,-138.32,-15.37,-9999,-9999
47120,0.240085524,-9999,-138.32,-15.37,-9999,-9999
47121,0.241430326,-9999,-140.24,-14.57,-9999,-9999
47122,0.231160061,-9999,-148.63,-15.08,-9999,-9999
47123,0.237466758,-9999,-151.99,-15.54,-9999,-9999
47124,0.228908083,-9999,-150.67,-14.91,-9999,-9999
47125,0.214898723,-9999,-151.08,-16.17,-9999,-9999
47126,0.225704156,-9999,-146.08,-16.38,-9999,-9999
47127,0.226259791,-9999,-142.32,-15.46,-9999,-9999
47128,0.236867253,-9999,-129.62,-16.29,-9999,-9999
47129,0.247709068,-9999,-145.08,-15.73,-9999,-9999
47130,0.230458217,-9999,-145.08,-15.73,-9999,-9999
47131,0.235382505,-9999,-136.68,-15.4,-9999,-9999
47132,0.249791447,-9999,-145.78,-15.97,-9999,-9999
47133,0.227405219,-9999,-139.43,-16.18,-9999,-9999
47134,0.223514923,-9999,-151.29,-15.24,-9999,-9999
47135,0.230819021,-9999,-136.11,-15.81,-9999,-9999
47136,0.235370362,-9999,-147.8,-16.18,-9999,-9999
47137,0.25425782,-9999,-150.99,-15.86,-9999,-9999
47138,0.230281633,-9999,-146.19,-15.81,-9999,-9999
47139,0.216329595,-9999,-161.98,-16.16,-9999,-9999
47140,0.2062204,-9999,-142.84,-16.54,-9999,-9999
47141,0.200270453,-9999,-142.84,-16.54,-9999,-9999
47142,0.197216615,-9999,-162.89,-15.82,-9999,-9999
47143,0.202618657,-9999,-150.94,-16.14,-9999,-9999
47144,0.222700874,-9999,-139.26,-15.98,-9999,-9999
47145,0.238821502,-9999,-141.54,-15.89,-9999,-9999
47146,0.228724632,-9999,-140.2,-16.71,-9999,-9999
47147,0.222331704,-9999,-164.58,-16.08,-9999,-9999
47148,0.212999217,-9999,-133.76,-16.07,-9999,-9999
47149,0.202267808,-9999,-159.64,-16.41,-9999,-9999
47150,0.199523167,-9999,-147.84,-16.67,-9999,-9999
47151,0.198001272,-9999,-138.05,-16.02,-9999,-9999
47152,0.198904068,-9999,-138.05,-16.02,-9999,-9999
47153,0.198730051,-9999,-119.65,-17.45,-9999,-9999
47154,0.198946891,-9999,-132.58,-16.3,-9999,-9999
47155,0.201476959,-9999,-135.91,-16,-9999,-9999
47156,0.223128397,-9999,-144.92,-15.36,-9999,-9999
47157,0.239216388,-9999,-138.71,-15.67,-9999,-9999
47158,0.298854942,-9999,-138.09,-15.41,-9999,-9999
47159,0.298464121,-9999,-133.08,-15.5,-9999,-9999
47160,0.260478447,-9999,-137.94,-14.69,-9999,-9999
47161,0.252857246,-9999,-156.66,-16.2,-9999,-9999
47162,0.239860969,-9999,-147.6,-16.04,-9999,-9999
47163,0.228858991,-9999,-147.6,-16.04,-9999,-9999
47164,0.220089187,-9999,-138.66,-15.57,-9999,-9999
47165,0.219603187,-9999,-149.65,-16.37,-9999,-9999
47166,0.228577834,-9999,-137.29,-14.84,-9999,-9999
47167,0.231115716,-9999,-153.07,-15.02,-9999,-9999
47168,0.231271228,-9999,-138.36,-15.38,-9999,-9999
47169,0.235753921,-9999,-124.8,-15.64,-9999,-9999
47170,0.221172685,-9999,-141.8,-15.29,-9999,-9999
47171,0.227088945,-9999,-120.88,-16.51,-9999,-9999
47172,0.210930978,-9999,-137.78,-15.44,-9999,-9999
47173,0.288685179,-9999,-147.76,-14.39,-9999,-9999
47174,0.210811983,-9999,-147.76,-14.39,-9999,-9999
47175,0.301711895,-9999,-120.03,-14.24,-9999,-9999
47176,0.324400094,-9999,-124.33,-14.57,-9999,-9999
47177,0.294748801,-9999,-132.79,-14.24,-9999,-9999
47178,0.276295215,-9999,-128.6,-15,-9999,-9999
47179,0.253404535,-9999,-127.53,-14.8,-9999,-9999
47180,0.243332087,-9999,-144.7,-14.4,-9999,-9999
47181,0.23734247,-9999,-137.93,-15.32,-9999,-9999
47182,0.258660916,-9999,-132.61,-13.64,-9999,-9999
