mdx/test/fixtures/IMPACTS_AVAPS_P3B_202202081429_R0.ict
104, 1001
Thornhill, Lee
NASA Langley
AVAPS NRD41
IMPACTS
1,1
2022, 02, 08, 2022, 02, 09
0.25
Time_Start, seconds, Time_Start, Starting time of the sampling period in UTC seconds from midnight
14
1, 1, 1, 1, 1, 1, 1, 1, 1, 1, 1, 1, 1, 1
-9999, -9999, -9999, -9999, -9999, -9999, -9999, -9999, -9999, -9999, -9999, -9999, -9999, -9999
TimeFLStart, seconds, None, Starting time of the sampling period from the launch
Pressure, mb, Met_StaticPressure_InSitu_None, Static air pressure
Temperature, deg C, Met_StaticAirTemperature_InSitu_None, Static air Temperature
RH, %, Met_RelativeHumidityWater_InSitu_None, Relative humidity over water
Speed, m/s, Met_WindSpeed_InSitu_None, Wind Speed
Direction, deg, Met_WindDirection_InSitu_None, Wind Direction
Latitude, deg, Platform_Latitude_InSitu_None, Sonde latitude
Longitude, deg, Platform_longitude_InSitu_None, Sonde longitude
Altitude, m, Platform_AltitudePressure_InSitu_None, Sonde pressure altitude
GPS Altitude, m, Platform_AltitudeMSL_InSitu_None, Sonde altitude over mean sea level
Dewpoint, deg C, Met_DewPoint_InSitu_None, Dew Point Temperature
Uwnd, m/s, Met_UWindSpeed_InSitu_None, East-West wind speed
Vwnd, m/s, Met_VWindSpeed_InSitu_None, North-South wind speed
Ascent, m/s, Met_WWindSpeed_InSitu_None, Vertical wind speed
54
Launch Time: 2022-02-08 14:29:42
QCSoftware: Aspen V3.4.6
ChuteArea: 400
DragCoef: 0.61
DropSondeMass: 158
DropSondeHitSfc: 1
GPSAltBuddySlope: 50
GPSAltQCDev: 50
GPSAltQCWL: 10
GPSPosBuddySlope: 0.005
GPSPosQCDev: 0.01
GPSPosQCWL: 30
PosInterpSpan: 60
PresBuddySlope: 2
PresEquilTime: 4.01
PresOffset: 0
PresOutlier: 10
PresQCDev: 3
PresQCWL: 10
PresSmoothWL: 5
RHBuddySlope: 20
RHEquilTime: 12.30
RHEquilTimeOverride: 0
RHOffset: 0
RHOutlier: 10
RHQCDev: 3
RHQCWL: 10
RHSmoothWL: 5
RHThreshold: 0
RHchoice: 0
Sonde Serial Number: 190550187
TdryBuddySlope: 3
TdryDynCor: 1
TdryDynCorWL: 20
TdryEquilTime: 4.01
TdryEquilTimeOverride: 0
TdryOffset: 0
TdryOutlier: 10
TdryOutlier: 10
TdryQCWL: 10
TdrySmoothWL: 5
WindBuddySlope: 10
WindDynCor: 1
WindDynCorWL: 10
WindEquilTime: 10
WindErrorHigh: 1.5
WindErrorLow: 0.8
WindOutlier: 999
WindQCDev: 999
WindQCWL: 30
WindSats: 6
WindSmoothWL: 10
WindVVPresWL: 5
WindVVdelta: 2.5
22
PI_CONTACT_INFO: kenneth.l.thornhill@nasa.gov
PLATFORM:P3B, N426NA
LOCATION: Launch latitude, longitude, and elevation data are included in the corresponding "MetNav" files.
ASSOCIATED_DATA: N/A
INSTRUMENT_INFO: AVAPS NRD41, Serial Number: 190550187
DATA_INFO: 4 Hz data at a constant 0.25 second interval for winds; 2 Hz, 0.5 second interval for thermodynamics
UNCERTAINTY: xRD41 sensor specification:  
        Pressure: ±0.5hPa
        Temperature: ±0.2C 
        Humidity: ±3% 
        Horiz Winds: ±0.5m/s
ULOD_FLAG: -77777
ULOD_VALUE: N/A
LLOD_FLAG: -88888
LLOD_VALUE: N/A
DM_CONTACT_INFO: Claire Robinson, claire.e.robinson@nasa.gov
PROJECT_INFO: IMPACTS
OTHER_COMMENTS: N/A
STIPULATIONS_ON_USE: Users are strongly encouraged to consult with the PI for proper data use.
REVISION: R0
R0: FINAL Data
Time_Start,TimeFLStart,Pressure,Temperature,RH,Speed,Direction,Latitude,Longitude,Altitude,GPS Altitude,Dewpoint,Uwnd,Vwnd,Ascent
[from data line 837]
52391.25,209.25,-9999,-9999,-9999,4.73,73.95,-9999,-9999,-9999,-9999,-9999,-4.54,-1.31,-9999
52391.50,209.50,903.66,8.47,87.12,4.75,74.32,42.80,-65.89,855.08,863.49,6.47,-4.58,-1.28,-0.30
52391.75,209.75,-9999,-9999,-9999,4.78,74.69,-9999,-9999,-9999,-9999,-9999,-4.61,-1.26,-9999
52392.00,210.00,904.22,8.52,86.91,4.80,75.06,42.80,-65.89,849.96,857.72,6.48,-4.64,-1.24,-0.57
52392.25,210.25,-9999,-9999,-9999,4.83,75.44,-9999,-9999,-9999,-9999,-9999,-4.67,-1.21,-9999
52392.50,210.50,904.82,8.58,86.74,4.85,75.81,42.80,-65.89,844.48,851.94,6.51,-4.70,-1.19,-1.19
52392.75,210.75,-9999,-9999,-9999,4.87,76.18,-9999,-9999,-9999,-9999,-9999,-4.73,-1.16,-9999
52393.00,211.00,905.51,8.63,86.70,4.89,76.54,42.80,-65.89,838.20,846.02,6.55,-4.76,-1.14,-1.81
52393.25,211.25,-9999,-9999,-9999,4.91,76.87,-9999,-9999,-9999,-9999,-9999,-4.78,-1.12,-9999
52393.50,211.50,906.24,8.67,86.93,4.93,77.18,42.80,-65.89,831.48,840.01,6.63,-4.81,-1.09,-2.07
52393.75,211.75,-9999,-9999,-9999,4.95,77.47,-9999,-9999,-9999,-9999,-9999,-4.83,-1.07,-9999
52394.00,212.00,906.97,8.71,87.58,4.98,77.75,42.80,-65.89,824.83,833.86,6.78,-4.86,-1.06,-1.99
52394.25,212.25,-9999,-9999,-9999,5.00,78.00,-9999,-9999,-9999,-9999,-9999,-4.89,-1.04,-9999
52394.50,212.50,907.66,8.75,88.55,5.03,78.24,42.80,-65.89,818.49,827.81,6.98,-4.93,-1.03,-1.55
52394.75,212.75,-9999,-9999,-9999,5.06,78.46,-9999,-9999,-9999,-9999,-9999,-4.96,-1.01,-9999
52395.00,213.00,908.31,8.78,89.64,5.10,78.68,42.80,-65.89,812.58,821.75,7.18,-5.00,-1.00,-1.02
52395.25,213.25,-9999,-9999,-9999,5.14,78.89,-9999,-9999,-9999,-9999,-9999,-5.05,-0.99,-9999
52395.50,213.50,908.92,8.81,90.64,5.19,79.09,42.80,-65.89,807.04,815.61,7.37,-5.09,-0.98,-0.74
52395.75,213.75,-9999,-9999,-9999,5.24,79.28,-9999,-9999,-9999,-9999,-9999,-5.15,-0.97,-9999
52396.00,214.00,909.50,8.84,91.29,5.29,79.44,42.80,-65.89,801.70,809.40,7.50,-5.20,-0.97,-0.77
52396.25,214.25,-9999,-9999,-9999,5.34,79.59,-9999,-9999,-9999,-9999,-9999,-5.25,-0.97,-9999
52396.50,214.50,910.11,8.87,91.57,5.40,79.71,42.80,-65.89,796.18,803.18,7.58,-5.31,-0.96,-1.23
52396.75,214.75,-9999,-9999,-9999,5.45,79.82,-9999,-9999,-9999,-9999,-9999,-5.37,-0.96,-9999
52397.00,215.00,910.77,8.91,91.53,5.51,79.90,42.80,-65.89,790.12,796.87,7.62,-5.43,-0.97,-1.92
52397.25,215.25,-9999,-9999,-9999,5.57,79.97,-9999,-9999,-9999,-9999,-9999,-5.48,-0.97,-9999
52397.50,215.50,911.50,8.96,91.25,5.62,80.04,42.80,-65.89,783.53,790.63,7.62,-5.54,-0.97,-2.48
52397.75,215.75,-9999,-9999,-9999,5.67,80.11,-9999,-9999,-9999,-9999,-9999,-5.59,-0.97,-9999
52398.00,216.00,912.26,9.01,90.81,5.72,80.20,42.80,-65.89,776.61,784.44,7.60,-5.64,-0.97,-2.81
52398.25,216.25,-9999,-9999,-9999,5.77,80.29,-9999,-9999,-9999,-9999,-9999,-5.69,-0.97,-9999
52398.50,216.50,913.02,9.07,90.31,5.82,80.42,42.80,-65.89,769.66,778.23,7.58,-5.73,-0.97,-2.70
52398.75,216.75,-9999,-9999,-9999,5.86,80.57,-9999,-9999,-9999,-9999,-9999,-5.78,-0.96,-9999
52399.00,217.00,913.76,9.13,89.90,5.90,80.76,42.80,-65.89,762.98,771.98,7.57,-5.82,-0.95,-2.24
52399.25,217.25,-9999,-9999,-9999,5.94,80.98,-9999,-9999,-9999,-9999,-9999,-5.86,-0.93,-9999
52399.50,217.50,914.45,9.18,89.70,5.97,81.25,42.80,-65.89,756.69,765.65,7.59,-5.90,-0.91,-1.67
52399.75,217.75,-9999,-9999,-9999,6.01,81.55,-9999,-9999,-9999,-9999,-9999,-5.94,-0.88,-9999
52400.00,218.00,915.10,9.24,89.77,6.04,81.89,42.80,-65.89,750.84,759.31,7.66,-5.98,-0.85,-1.11
52400.25,218.25,-9999,-9999,-9999,6.08,82.27,-9999,-9999,-9999,-9999,-9999,-6.03,-0.82,-9999
52400.50,218.50,915.71,9.29,90.06,6.11,82.68,42.80,-65.89,745.30,753.20,7.76,-6.07,-0.78,-0.89
52400.75,218.75,-9999,-9999,-9999,6.15,83.11,-9999,-9999,-9999,-9999,-9999,-6.11,-0.74,-9999
52401.00,219.00,916.31,9.34,90.41,6.18,83.55,42.80,-65.89,739.81,747.18,7.86,-6.14,-0.69,-0.99
52401.25,219.25,-9999,-9999,-9999,6.22,83.98,-9999,-9999,-9999,-9999,-9999,-6.18,-0.65,-9999
52401.50,219.50,916.94,9.39,90.65,6.25,84.39,42.80,-65.89,734.10,741.23,7.95,-6.22,-0.61,-1.28
52401.75,219.75,-9999,-9999,-9999,6.28,84.77,-9999,-9999,-9999,-9999,-9999,-6.25,-0.57,-9999
52402.00,220.00,917.63,9.44,90.80,6.31,85.11,42.80,-65.89,727.89,735.28,8.02,-6.29,-0.54,-1.66
52402.25,220.25,-9999,-9999,-9999,6.33,85.39,-9999,-9999,-9999,-9999,-9999,-6.31,-0.51,-9999
52402.50,220.50,918.35,9.49,90.87,6.36,85.62,42.80,-65.89,721.36,729.42,8.08,-6.34,-0.49,-1.79
52402.75,220.75,-9999,-9999,-9999,6.38,85.79,-9999,-9999,-9999,-9999,-9999,-6.36,-0.47,-9999
52403.00,221.00,919.05,9.53,90.90,6.39,85.91,42.80,-65.89,715.01,723.52,8.13,-6.38,-0.46,-1.65
52403.25,221.25,-9999,-9999,-9999,6.41,85.98,-9999,-9999,-9999,-9999,-9999,-6.39,-0.45,-9999
52403.50,221.50,919.72,9.58,90.90,6.42,86.01,42.80,-65.89,709.01,717.66,8.18,-6.40,-0.45,-1.45
52403.75,221.75,-9999,-9999,-9999,6.43,85.99,-9999,-9999,-9999,-9999,-9999,-6.41,-0.45,-9999
52404.00,222.00,920.36,9.63,90.88,6.43,85.95,42.80,-65.89,703.20,711.82,8.23,-6.42,-0.45,-1.23
52404.25,222.25,-9999,-9999,-9999,6.44,85.87,-9999,-9999,-9999,-9999,-9999,-6.42,-0.46,-9999
52404.50,222.50,920.99,9.68,90.82,6.44,85.76,42.80,-65.89,697.45,705.98,8.27,-6.42,-0.48,-1.16
52404.75,222.75,-9999,-9999,-9999,6.43,85.63,-9999,-9999,-9999,-9999,-9999,-6.41,-0.49,-9999
52405.00,223.00,921.64,9.74,90.70,6.42,85.48,42.80,-65.89,691.64,700.01,8.30,-6.40,-0.51,-1.24
52405.25,223.25,-9999,-9999,-9999,6.41,85.32,-9999,-9999,-9999,-9999,-9999,-6.39,-0.52,-9999
52405.50,223.50,922.30,9.79,90.51,6.40,85.14,42.80,-65.89,685.70,693.98,8.33,-6.37,-0.54,-1.39
52405.75,223.75,-9999,-9999,-9999,6.38,84.97,-9999,-9999,-9999,-9999,-9999,-6.35,-0.56,-9999
52406.00,224.00,922.97,9.84,90.30,6.36,84.81,42.80,-65.89,679.64,687.89,8.34,-6.33,-0.58,-1.57
52406.25,224.25,-9999,-9999,-9999,6.33,84.66,-9999,-9999,-9999,-9999,-9999,-6.31,-0.59,-9999
52406.50,224.50,923.65,9.90,90.12,6.31,84.53,42.80,-65.89,673.47,681.81,8.37,-6.28,-0.60,-1.67
52406.75,224.75,-9999,-9999,-9999,6.29,84.44,-9999,-9999,-9999,-9999,-9999,-6.26,-0.61,-9999
52407.00,225.00,924.34,9.95,90.00,6.27,84.39,42.80,-65.89,667.27,675.71,8.40,-6.24,-0.61,-1.68
52407.25,225.25,-9999,-9999,-9999,6.25,84.38,-9999,-9999,-9999,-9999,-9999,-6.22,-0.61,-9999
52407.50,225.50,925.03,10.00,89.94,6.23,84.43,42.80,-65.89,661.10,669.65,8.44,-6.20,-0.60,-1.61
52407.75,225.75,-9999,-9999,-9999,6.21,84.53,-9999,-9999,-9999,-9999,-9999,-6.19,-0.59,-9999
52408.00,226.00,925.70,10.05,89.93,6.20,84.69,42.80,-65.89,655.06,663.60,8.49,-6.17,-0.57,-1.49
52408.25,226.25,-9999,-9999,-9999,6.19,84.91,-9999,-9999,-9999,-9999,-9999,-6.17,-0.55,-9999
52408.50,226.50,926.35,10.09,89.95,6.19,85.20,42.80,-65.89,649.17,657.64,8.53,-6.16,-0.52,-1.41
52408.75,226.75,-9999,-9999,-9999,6.19,85.56,-9999,-9999,-9999,-9999,-9999,-6.17,-0.48,-9999
52409.00,227.00,927.01,10.12,90.04,6.19,85.98,42.80,-65.89,643.27,651.68,8.57,-6.17,-0.43,-1.40
52409.25,227.25,-9999,-9999,-9999,6.20,86.47,-9999,-9999,-9999,-9999,-9999,-6.19,-0.38,-9999
52409.50,227.50,-9999,-9999,-9999,-9999,-9999,-9999,-9999,-9999,-9999,-9999,-9999,-9999,-9999
52409.75,227.75,-9999,-9999,-9999,-9999,-9999,-9999,-9999,-9999,-9999,-9999,-9999,-9999,-9999
52410.00,228.00,928.35,10.18,90.62,6.26,88.32,42.80,-65.89,631.26,639.85,8.72,-6.26,-0.18,-1.46
52410.25,228.25,-9999,-9999,-9999,6.29,89.05,-9999,-9999,-9999,-9999,-9999,-6.29,-0.10,-9999
52410.50,228.50,929.02,10.20,91.12,6.33,89.82,42.80,-65.89,625.21,633.89,8.82,-6.33,-0.02,-1.48
52410.75,228.75,-9999,-9999,-9999,6.37,90.64,-9999,-9999,-9999,-9999,-9999,-6.37,0.07,-9999
52411.00,229.00,929.69,10.22,91.69,6.41,91.49,42.80,-65.89,619.17,627.90,8.94,-6.41,0.17,-1.48
52411.25,229.25,-9999,-9999,-9999,6.47,92.35,-9999,-9999,-9999,-9999,-9999,-6.46,0.27,-9999
52411.50,229.50,930.36,10.24,92.16,6.52,93.22,42.80,-65.89,613.18,621.94,9.04,-6.51,0.37,-1.48
52411.75,229.75,-9999,-9999,-9999,6.58,94.09,-9999,-9999,-9999,-9999,-9999,-6.57,0.47,-9999
52412.00,230.00,931.03,10.27,92.48,6.65,94.95,42.80,-65.89,607.19,615.92,9.11,-6.62,0.57,-1.47
52412.25,230.25,-9999,-9999,-9999,6.72,95.78,-9999,-9999,-9999,-9999,-9999,-6.68,0.68,-9999
52412.50,230.50,931.70,10.29,92.87,6.79,96.58,42.80,-65.89,601.18,609.90,9.20,-6.74,0.78,-1.45
52412.75,230.75,-9999,-9999,-9999,6.86,97.34,-9999,-9999,-9999,-9999,-9999,-6.81,0.88,-9999
52413.00,231.00,932.37,10.31,93.54,6.94,98.04,42.80,-65.89,595.18,603.86,9.32,-6.87,0.97,-1.44
52413.25,231.25,-9999,-9999,-9999,7.02,98.69,-9999,-9999,-9999,-9999,-9999,-6.93,1.06,-9999
52413.50,231.50,933.04,10.31,94.41,7.09,99.27,42.80,-65.89,589.22,597.86,9.46,-7.00,1.14,-1.45
52413.75,231.75,-9999,-9999,-9999,7.17,99.79,-9999,-9999,-9999,-9999,-9999,-7.07,1.22,-9999
52414.00,232.00,933.71,10.30,95.33,7.25,100.24,42.80,-65.89,583.27,591.87,9.59,-7.14,1.29,-1.48
52414.25,232.25,-9999,-9999,-9999,7.33,100.62,-9999,-9999,-9999,-9999,-9999,-7.21,1.35,-9999
52414.50,232.50,934.38,10.27,96.19,7.41,100.94,42.80,-65.89,577.28,585.87,9.70,-7.28,1.41,-1.51
52414.75,232.75,-9999,-9999,-9999,7.49,101.20,-9999,-9999,-9999,-9999,-9999,-7.35,1.45,-9999
52415.00,233.00,935.05,10.25,96.92,7.57,101.39,42.80,-65.89,571.26,579.99,9.79,-7.42,1.50,-1.52
52415.25,233.25,-9999,-9999,-9999,7.65,101.54,-9999,-9999,-9999,-9999,-9999,-7.49,1.53,-9999
52415.50,233.50,935.73,10.23,97.45,7.72,101.64,42.80,-65.89,565.21,574.02,9.85,-7.56,1.56,-1.50
52415.75,233.75,-9999,-9999,-9999,7.79,101.70,-9999,-9999,-9999,-9999,-9999,-7.63,1.58,-9999
52416.00,234.00,936.41,10.23,97.74,7.87,101.73,42.80,-65.89,559.19,568.08,9.89,-7.70,1.60,-1.41
52416.25,234.25,-9999,-9999,-9999,7.93,101.74,-9999,-9999,-9999,-9999,-9999,-7.77,1.61,-9999
52416.50,234.50,937.08,10.25,97.85,8.00,101.74,42.80,-65.89,553.23,562.26,9.92,-7.83,1.63,-1.28
52416.75,234.75,-9999,-9999,-9999,8.07,101.72,-9999,-9999,-9999,-9999,-9999,-7.90,1.64,-9999
52417.00,235.00,937.73,10.27,97.86,8.13,101.71,42.80,-65.89,547.38,556.42,9.95,-7.96,1.65,-1.13
52417.25,235.25,-9999,-9999,-9999,8.19,101.71,-9999,-9999,-9999,-9999,-9999,-8.02,1.66,-9999
52417.50,235.50,938.38,10.31,97.86,8.25,101.73,42.80,-65.89,541.65,550.51,9.99,-8.08,1.68,-1.02
52417.75,235.75,-9999,-9999,-9999,8.32,101.78,-9999,-9999,-9999,-9999,-9999,-8.14,1.70,-9999
52418.00,236.00,939.02,10.34,97.92,8.38,101.86,42.80,-65.89,535.96,544.65,10.03,-8.20,1.72,-0.99
52418.25,236.25,-9999,-9999,-9999,8.44,101.99,-9999,-9999,-9999,-9999,-9999,-8.26,1.75,-9999
52418.50,236.50,939.66,10.38,98.02,8.51,102.15,42.80,-65.89,530.24,538.85,10.08,-8.32,1.79,-1.02
52418.75,236.75,-9999,-9999,-9999,8.57,102.36,-9999,-9999,-9999,-9999,-9999,-8.37,1.83,-9999
52419.00,237.00,940.32,10.41,98.08,8.63,102.60,42.80,-65.89,524.46,532.98,10.12,-8.43,1.88,-1.10
52419.25,237.25,-9999,-9999,-9999,8.70,102.88,-9999,-9999,-9999,-9999,-9999,-8.48,1.94,-9999
52419.50,237.50,940.97,10.45,98.04,8.76,103.19,42.80,-65.89,518.62,527.08,10.16,-8.53,2.00,-1.20
52419.75,237.75,-9999,-9999,-9999,8.83,103.53,-9999,-9999,-9999,-9999,-9999,-8.58,2.06,-9999
52420.00,238.00,941.64,10.50,97.91,8.89,103.88,42.80,-65.89,512.74,521.19,10.18,-8.63,2.13,-1.29
52420.25,238.25,-9999,-9999,-9999,8.95,104.23,-9999,-9999,-9999,-9999,-9999,-8.68,2.20,-9999
52420.50,238.50,942.30,10.54,97.73,9.01,104.59,42.80,-65.89,506.84,515.35,10.20,-8.72,2.27,-1.36
52420.75,238.75,-9999,-9999,-9999,9.07,104.94,-9999,-9999,-9999,-9999,-9999,-8.77,2.34,-9999
52421.00,239.00,942.97,10.59,97.58,9.13,105.26,42.80,-65.89,500.92,509.52,10.22,-8.81,2.40,-1.41
52421.25,239.25,-9999,-9999,-9999,9.18,105.57,-9999,-9999,-9999,-9999,-9999,-8.85,2.47,-9999
52421.50,239.50,943.64,10.63,97.54,9.24,105.85,42.80,-65.89,494.98,503.67,10.26,-8.89,2.52,-1.44
52421.75,239.75,-9999,-9999,-9999,9.29,106.09,-9999,-9999,-9999,-9999,-9999,-8.92,2.57,-9999
52422.00,240.00,944.32,10.66,97.60,9.34,106.30,42.80,-65.89,489.02,497.83,10.30,-8.96,2.62,-1.43
52422.25,240.25,-9999,-9999,-9999,9.39,106.47,-9999,-9999,-9999,-9999,-9999,-9.00,2.66,-9999
52422.50,240.50,944.99,10.68,97.76,9.43,106.60,42.80,-65.89,483.03,491.87,10.34,-9.04,2.70,-1.38
52422.75,240.75,-9999,-9999,-9999,9.48,106.70,-9999,-9999,-9999,-9999,-9999,-9.08,2.72,-9999
52423.00,241.00,945.67,10.70,97.95,9.52,106.76,42.80,-65.89,477.08,485.85,10.39,-9.12,2.75,-1.31
52423.25,241.25,-9999,-9999,-9999,9.56,106.79,-9999,-9999,-9999,-9999,-9999,-9.16,2.76,-9999
52423.50,241.50,946.33,10.71,98.12,9.61,106.80,42.80,-65.89,471.24,479.93,10.43,-9.20,2.78,-1.25
52423.75,241.75,-9999,-9999,-9999,9.65,106.78,-9999,-9999,-9999,-9999,-9999,-9.24,2.79,-9999
52424.00,242.00,946.98,10.73,98.27,9.70,106.75,42.80,-65.89,465.46,473.98,10.47,-9.29,2.80,-1.27
52424.25,242.25,-9999,-9999,-9999,9.75,106.71,-9999,-9999,-9999,-9999,-9999,-9.34,2.80,-9999
52424.50,242.50,947.64,10.74,98.41,9.80,106.65,42.80,-65.89,459.66,467.97,10.51,-9.39,2.81,-1.39
52424.75,242.75,-9999,-9999,-9999,9.86,106.60,-9999,-9999,-9999,-9999,-9999,-9.45,2.82,-9999
52425.00,243.00,948.31,10.76,98.55,9.92,106.54,42.80,-65.89,453.74,461.98,10.54,-9.51,2.82,-1.57
52425.25,243.25,-9999,-9999,-9999,9.99,106.48,-9999,-9999,-9999,-9999,-9999,-9.58,2.83,-9999
52425.50,243.50,949.01,10.78,98.68,10.06,106.44,42.80,-65.89,447.64,455.87,10.58,-9.65,2.85,-1.77
52425.75,243.75,-9999,-9999,-9999,10.13,106.40,-9999,-9999,-9999,-9999,-9999,-9.72,2.86,-9999
52426.00,244.00,949.72,10.80,98.78,10.20,106.38,42.80,-65.89,441.40,449.77,10.62,-9.79,2.88,-1.89
52426.25,244.25,-9999,-9999,-9999,10.27,106.37,-9999,-9999,-9999,-9999,-9999,-9.86,2.89,-9999
52426.50,244.50,950.42,10.82,98.84,10.35,106.37,42.80,-65.89,435.17,443.71,10.65,-9.93,2.92,-1.93
52426.75,244.75,-9999,-9999,-9999,10.42,106.40,-9999,-9999,-9999,-9999,-9999,-10.00,2.94,-9999
52427.00,245.00,951.13,10.85,98.83,10.49,106.44,42.80,-65.89,429.01,437.64,10.67,-10.06,2.97,-1.93
52427.25,245.25,-9999,-9999,-9999,10.56,106.50,-9999,-9999,-9999,-9999,-9999,-10.13,3.00,-9999
52427.50,245.50,951.83,10.88,98.74,10.63,106.57,42.80,-65.89,422.87,431.42,10.69,-10.19,3.03,-1.90
52427.75,245.75,-9999,-9999,-9999,10.71,106.66,-9999,-9999,-9999,-9999,-9999,-10.26,3.07,-9999
52428.00,246.00,952.52,10.92,98.60,10.78,106.76,42.80,-65.89,416.73,425.24,10.71,-10.32,3.11,-1.89
52428.25,246.25,-9999,-9999,-9999,10.86,106.87,-9999,-9999,-9999,-9999,-9999,-10.39,3.15,-9999
52428.50,246.50,953.22,10.96,98.45,10.93,106.99,42.80,-65.89,410.60,419.15,10.73,-10.46,3.20,-1.89
52428.75,246.75,-9999,-9999,-9999,11.02,107.12,-9999,-9999,-9999,-9999,-9999,-10.53,3.24,-9999
52429.00,247.00,953.92,11.00,98.31,11.11,107.26,42.80,-65.89,404.46,413.05,10.75,-10.61,3.30,-1.89
52429.25,247.25,-9999,-9999,-9999,11.20,107.40,-9999,-9999,-9999,-9999,-9999,-10.69,3.35,-9999
52429.50,247.50,954.63,11.04,98.18,11.30,107.54,42.80,-65.89,398.29,407.04,10.77,-10.78,3.41,-1.89
52429.75,247.75,-9999,-9999,-9999,11.41,107.68,-9999,-9999,-9999,-9999,-9999,-10.87,3.47,-9999
52430.00,248.00,955.33,11.07,98.06,11.52,107.82,42.80,-65.89,392.11,400.79,10.78,-10.97,3.53,-1.86
52430.25,248.25,-9999,-9999,-9999,11.65,107.95,-9999,-9999,-9999,-9999,-9999,-11.08,3.59,-9999
52430.50,248.50,956.03,11.09,97.98,11.78,108.07,42.80,-65.89,385.99,394.61,10.79,-11.20,3.65,-1.80
52430.75,248.75,-9999,-9999,-9999,11.91,108.19,-9999,-9999,-9999,-9999,-9999,-11.32,3.72,-9999
52431.00,249.00,956.73,11.09,97.96,12.06,108.30,42.80,-65.89,379.93,388.50,10.79,-11.45,3.79,-1.72
52431.25,249.25,-9999,-9999,-9999,12.21,108.39,-9999,-9999,-9999,-9999,-9999,-11.58,3.85,-9999
52431.50,249.50,957.42,11.08,98.00,12.36,108.48,42.80,-65.89,373.90,382.51,10.78,-11.72,3.92,-1.62
52431.75,249.75,-9999,-9999,-9999,12.51,108.55,-9999,-9999,-9999,-9999,-9999,-11.86,3.98,-9999
52432.00,250.00,958.11,11.05,98.10,12.67,108.60,42.80,-65.89,367.87,376.52,10.77,-12.01,4.04,-1.49
52432.25,250.25,-9999,-9999,-9999,12.83,108.64,-9999,-9999,-9999,-9999,-9999,-12.16,4.10,-9999
52432.50,250.50,958.79,11.03,98.20,12.98,108.66,42.80,-65.89,361.93,370.55,10.76,-12.30,4.16,-1.33
52432.75,250.75,-9999,-9999,-9999,13.14,108.68,-9999,-9999,-9999,-9999,-9999,-12.44,4.21,-9999
52433.00,251.00,959.46,11.02,98.26,13.28,108.69,42.80,-65.89,356.09,364.64,10.75,-12.58,4.26,-1.21
