mdx/test/fixtures/IMPACTS_MetNav_P3B_20220128_R0.ict
76,1001
NASA Airborne Science Program
National Suborbital Research Center [Bay Area Environmental Research Institute @ NASA Ames Research Center]
N426NA Meteorological and Navigation (MetNav) Facility Instrumentation
IMPACTS
1,1
2022,01,28,2022,07,15
1
Time_Start, seconds (from midnight UTC)
36
1,1,1,1,1,1,1,1,1,1,1,1,1,1,1,1,1,1,1,1,1,1,1,1,1,1,1,1,1,1,1,1,1,1,1,1
-9999,-9999,-9999,-9999,-9999,-9999,-9999,-9999,-9999,-9999,-9999,-9999,-9999,-9999,-9999,-9999,-9999,-9999,-9999,-9999,-9999,-9999,-9999,-9999,-9999,-9999,-9999,-9999,-9999,-9999,-9999,-9999,-9999,-9999,-9999,-9999
Day_Of_Year, day, None, calendar day beginning January 1
Latitude, deg, Platform_Latitude_InSitu_None
Longitude, deg, Platform_Longitude_InSitu_None
GPS_Altitude, m, Platform_AltitudeHAE_InSitu_None
Pressure_Altitude, ft, Platform_AltitudePressure_InSitu_None
Radar_Altitude, ft, Platform_AltitudeAGL_InSitu_None
Ground_Speed, m/s, Platform_GroundSpeed_InSitu_None
True_Air_Speed, kts, Platform_AircraftTrueAirSpeed_InSitu_None
Indicated_Air_Speed, kts, Platform_AircraftIndicatedAirSpeed_InSitu_None
Mach_Number, mach, None
Vertical_Speed, m/s, None
True_Heading, deg 0-360, Platform_HeadingTrue_InSitu_None, cw from +y
Track_Angle, deg 0-360, Platform_TrackAngle_InSitu_None, cw from +y
Drift_Angle, deg +-180, Platform_DriftAngle_InSitu_None, cw from +y
Pitch_Angle, deg +-180, Platform_PitchAngle_InSitu_None, up+
Roll_Angle, deg +-180, Platform_RollAngle_InSitu_None, rt+
Static_Air_Temp, degrees Celcius, Met_StaticAirTemperature_InSitu_None
Potential_Temp, Kelvin, Met_PotentialTemperature_InSitu_None
Dew/Frost_Point, degrees Celcius, Met_DewPoint_InSitu_None
Total_Air_Temp, degrees Celcius, None
IR_Surf_Temp, degrees Celcius, Met_SurfaceTemperature_InSitu_None
Static_Pressure, hPa, Met_StaticPressure_InSitu_None
Cabin_Pressure, hPa, None
Wind_Speed, m/s, Met_WindSpeed_InSitu_None, limited to where Roll_Angle does not exceed 5 degrees
Wind_Direction, deg 0-360 cw from +y, Met_WindDirection_InSitu_None, limited to where Roll_Angle does not exceed 5 degrees
U, m/s, E-W Horizontal Wind Speed, Met_UWindSpeed_insitu_None, limited to where Roll_Angle does not exceed 5 degrees
V, m/s, N-S Horizontal Wind Speed, Met_VWindSpeed_insitu_None, limited to where Roll_Angle does not exceed 5 degrees
Solar_Zenith_Angle, deg, Met_SolarZenithAngle_InSitu_None
Aircraft_Sun_Elevation, deg, None
Sun_Azimuth, deg, Met_SolarAzimuthAngle_InSitu_None
Aircraft_Sun_Azimuth, deg, None
Mixing_Ratio, g/kg, Met_H2OMR_InSitu_None
Part_Press_Water_Vapor, hPa, Met_PartialPressureH2O_InSitu_None
Sat_Vapor_Press_H2O, hPa, Met_SatVaporPressureH2OWater_InSitu_None
Sat_Vapor_Press_Ice, hPa, Met_SatVaporPressureH2OIce_InSitu_None
Relative_Humidity, percent, Met_RelativeHumidityWater_InSitu_None
0
26
PI_CONTACT_INFO: NSRC MetNav PI - Ryan Bennett - joseph.r.bennett@nasa.gov & r.bennett@baeri.org.
Platform: Wallops P-3 N426NA
LOCATION: Included in data records
ASSOCIATED_DATA: This flight represents IMPACTS transit flight to Wright Patterson AFB.
INSTRUMENT_INFO: Position, altitude, ground speed, and vertical speed from LN251 EGI. 
	Wind_Speed and Wind_Direction calculated from LN251 EGI, Sperry Aircraft Data Computer
	Radar_Altitude from APN-232
	Total_Air_Temperature from Rosemount 102 type deiced SN# A57694 with Laurels LTE signal conditioner
[...]
REVISION: R0
R0: Preliminary public release of the MetNav parameters. Limits of detection applied, all calibrations from before are present. Analog capture for Dew/Frost_Point.
RA: Preliminary field data with minimal QC. Limits of detection applied. Calibrations applied to Total Air Temperature probe (Total_Air_Temp, Static_Air_Temp) both signal conditioner and probe; Segments of Total_Air_Temp and Static_Air_Temp, Dew_Point, and calculated water vapor variables may be flagged as missing or appear anomalous due to TAT probe contamination with liquid water or hygrometer instrument artifacts. These have not been removed in this field data.
Time_Start,Day_Of_Year,Latitude,Longitude,GPS_Altitude,Pressure_Altitude,Radar_Altitude,Ground_Speed,True_Air_Speed,Indicated_Air_Speed,Mach_Number,Vertical_Speed,True_Heading,Track_Angle,Drift_Angle,Pitch_Angle,Roll_Angle,Static_Air_Temp,Potential_Temp,Dew/Frost_Point,Total_Air_Temp,IR_Surf_Temp,Static_Pressure,Cabin_Pressure,Wind_Speed,Wind_Direction,U,V,Solar_Zenith_Angle,Aircraft_Sun_Elevation,Sun_Azimuth,Aircraft_Sun_Azimuth,Mixing_Ratio,Part_Press_Water_Vapor,Sat_Vapor_Press_H2O,Sat_Vapor_Press_Ice,Relative_Humidity
[from data line 6721]
65065,28,39.7801154,-84.1168758,482.1,1560,885.9,67.49,144.25,146.70,0.228,-3.2,47.20,48.55,1.3,-0.33,-1.65,-8.48,267.98,-11.52,-5.74,-3.2,957.42,986.1,6.9,33.9,-5.7,-3.9,57.9,31.5,-176.1,137.9,1.67,2.57,3.26,3.01,78.70
65066,28,39.7805229,-84.1162807,478.8,1543,878.4,67.48,143.62,144.60,0.224,-3.2,47.56,48.24,0.7,0.04,-1.64,-8.36,268.06,-11.47,-5.70,-3.0,958.01,986.2,6.5,40.4,-4.9,-4.2,57.9,31.5,-176.1,137.7,1.68,2.58,3.29,3.04,78.23
65067,28,39.7809242,-84.1156998,476.0,1538,867.5,67.42,143.12,145.80,0.227,-2.8,48.02,48.14,0.1,-0.16,-2.09,-8.43,267.98,-11.49,-5.69,-3.1,958.19,986.5,6.2,46.8,-4.3,-4.5,57.9,31.1,-176.1,136.6,1.67,2.57,3.28,3.02,78.54
65068,28,39.7813338,-84.1151084,472.8,1529,858.3,67.42,143.81,145.40,0.228,-3.4,47.94,48.09,0.1,-0.58,-2.34,-8.38,267.99,-11.42,-5.64,-3.4,958.50,986.9,6.6,46.4,-4.5,-4.8,57.9,31.1,-176.1,136.4,1.68,2.59,3.29,3.03,78.70
65069,28,39.7817363,-84.1145291,469.4,1514,845.8,67.47,143.44,144.50,0.226,-3.5,47.43,47.82,0.4,-0.28,-1.52,-8.35,267.99,-11.38,-5.64,-3.5,959.03,986.9,6.3,43.3,-4.6,-4.4,57.9,30.2,-176.1,136.8,1.69,2.60,3.30,3.04,78.74
65070,28,39.7821456,-84.1139462,466.2,1505,833.3,67.54,142.62,143.90,0.222,-2.6,47.43,47.56,0.1,0.20,-1.38,-8.27,268.04,-11.22,-5.65,-3.4,959.34,987.7,5.8,45.9,-4.1,-4.2,57.9,30.2,-176.1,137.1,1.71,2.63,3.32,3.06,79.28
65071,28,39.7825315,-84.1133995,463.9,1500,826.0,67.46,142.56,147.30,0.228,-2.3,47.62,47.54,-0.1,-0.42,-0.92,-8.35,267.95,-11.11,-5.59,-3.4,959.52,987.8,5.9,48.5,-3.9,-4.4,57.9,31.4,-176.1,137.0,1.72,2.65,3.30,3.04,80.45
65072,28,39.7829407,-84.1128175,462.0,1494,820.3,67.54,145.38,149.60,0.232,-1.6,47.40,47.66,0.3,-1.11,-0.15,-8.38,267.91,-11.03,-5.53,-3.3,959.73,988.3,7.3,45.0,-5.1,-5.1,57.9,31.4,-176.1,137.0,1.74,2.67,3.29,3.04,81.16
65073,28,39.7833542,-84.1122282,460.1,1478,813.3,67.66,144.75,145.90,0.227,-2.4,47.22,47.72,0.5,-1.66,1.51,-8.21,268.03,-11.00,-5.49,-3.3,960.29,988.6,6.8,42.2,-5.1,-4.6,57.9,31.3,-176.1,138.6,1.74,2.68,3.33,3.08,80.31
65074,28,39.7837672,-84.1116352,457.3,1471,806.1,67.81,144.56,147.90,0.226,-3.1,47.31,48.11,0.8,-2.01,1.72,-8.20,268.02,-10.97,-5.49,-3.2,960.53,988.8,6.6,39.0,-5.2,-4.2,57.9,31.3,-176.1,138.5,1.74,2.68,3.33,3.08,80.43
65075,28,39.7841703,-84.1110495,453.8,1469,796.4,67.97,144.69,146.60,0.227,-4.2,47.47,48.38,0.9,-1.92,1.79,-8.18,268.03,-10.97,-5.44,-3.4,960.60,989.0,6.6,38.1,-5.2,-4.0,57.9,31.8,-176.1,139.6,1.74,2.68,3.34,3.09,80.29
65076,28,39.7845803,-84.1104479,449.5,1453,779.4,68.18,144.06,147.90,0.226,-4.1,47.71,48.65,0.9,-1.32,1.08,-8.15,268.01,-10.92,-5.44,-3.4,961.17,989.5,6.0,37.1,-4.8,-3.6,57.9,31.9,-176.0,139.4,1.75,2.69,3.35,3.10,80.47
65077,28,39.7849819,-84.1098548,446.0,1435,766.0,68.36,144.56,145.20,0.226,-3.3,48.11,48.80,0.7,-1.35,1.07,-8.10,268.01,-10.92,-5.39,-3.3,961.80,989.9,6.1,40.4,-4.6,-3.9,57.9,31.9,-176.0,138.4,1.75,2.69,3.36,3.11,80.16
65078,28,39.7853903,-84.1092472,442.6,1423,756.4,68.40,146.62,149.40,0.233,-3.5,48.62,49.10,0.5,-1.67,1.63,-8.26,267.82,-11.04,-5.38,-3.2,962.22,990.0,7.1,44.0,-5.1,-4.9,57.9,32.0,-176.0,137.9,1.73,2.67,3.32,3.07,80.36
65079,28,39.7857969,-84.1086357,438.9,1413,744.5,68.56,147.31,149.90,0.234,-3.8,48.91,49.33,0.4,-1.37,-0.74,-8.22,267.84,-11.00,-5.33,-3.2,962.57,990.5,7.2,44.9,-5.1,-5.1,57.9,32.1,-176.0,137.9,1.73,2.68,3.33,3.08,80.36
65080,28,39.7861998,-84.1080279,435.3,1395,730.7,68.63,146.44,147.20,0.229,-3.2,49.10,49.22,0.1,-0.18,-1.42,-8.07,267.94,-11.11,-5.29,-3.2,963.20,991.0,6.7,47.9,-4.5,-5.0,57.9,32.1,-176.0,137.7,1.72,2.65,3.37,3.12,78.71
65081,28,39.7865985,-84.1074266,432.4,1384,721.6,68.55,145.94,149.20,0.230,-2.6,49.01,49.40,0.4,0.06,0.38,-8.04,267.94,-11.22,-5.24,-3.3,963.59,991.3,6.5,44.9,-4.6,-4.6,57.9,31.2,-176.0,135.6,1.70,2.63,3.38,3.13,77.87
65082,28,39.7869984,-84.1068166,430.2,1378,713.2,68.58,144.12,145.20,0.225,-2.1,48.16,49.88,1.7,-0.29,2.03,-7.94,268.02,-11.31,-5.25,-3.3,963.80,991.4,6.0,28.0,-5.3,-2.8,57.9,31.2,-176.0,136.3,1.69,2.61,3.40,3.15,76.68
65083,28,39.7874000,-84.1061984,427.9,1370,705.7,68.51,144.06,145.10,0.225,-2.4,47.11,49.75,2.6,-0.36,-0.45,-7.89,268.05,-11.37,-5.20,-3.3,964.08,991.8,6.5,18.0,-6.2,-2.0,57.9,33.3,-176.0,139.1,1.68,2.60,3.42,3.17,76.04
65084,28,39.7878043,-84.1055851,425.5,1365,696.9,68.35,145.12,149.80,0.230,-2.4,47.71,49.32,1.6,-0.20,-1.67,-8.00,267.93,-11.39,-5.18,-3.3,964.26,992.3,6.6,30.8,-5.7,-3.4,57.9,33.3,-176.0,139.0,1.68,2.59,3.39,3.14,76.54
65085,28,39.7882013,-84.1049862,423.0,1345,689.2,68.30,145.56,145.90,0.228,-2.7,48.47,49.42,1.0,-0.10,-0.68,-7.90,267.97,-11.39,-5.14,-3.3,964.96,992.9,6.7,38.7,-5.2,-4.2,57.9,30.9,-176.0,136.3,1.68,2.59,3.41,3.16,75.97
65086,28,39.7886051,-84.1043744,420.1,1345,679.6,68.20,145.25,145.90,0.225,-2.9,48.48,49.53,1.1,0.29,-0.63,-7.82,268.05,-11.41,-5.15,-3.3,964.96,993.1,6.7,37.6,-5.3,-4.1,57.9,30.9,-176.0,136.1,1.67,2.59,3.43,3.19,75.43
65087,28,39.7890029,-84.1037679,417.7,1338,673.7,68.10,144.81,146.80,0.230,-1.7,47.95,49.73,1.8,0.88,0.37,-7.93,267.92,-11.38,-5.14,-3.5,965.21,993.4,6.8,29.7,-5.9,-3.4,57.9,32.0,-176.0,136.7,1.68,2.60,3.40,3.16,76.25
65088,28,39.7893984,-84.1031614,416.4,1334,668.0,67.86,144.31,146.90,0.228,-1.0,47.19,49.90,2.7,0.71,0.84,-7.89,267.95,-11.43,-5.14,-3.2,965.35,993.6,7.2,20.8,-6.7,-2.6,57.9,32.0,-176.0,137.5,1.67,2.58,3.42,3.17,75.65
65089,28,39.7897917,-84.1025564,415.3,1325,664.5,67.70,143.12,145.60,0.223,-1.3,46.53,49.83,3.3,0.34,0.84,-7.80,268.02,-11.34,-5.15,-3.2,965.66,994.1,7.2,13.7,-7.0,-1.7,57.9,33.3,-176.0,138.8,1.68,2.60,3.44,3.19,75.68
65090,28,39.7901909,-84.1019508,413.7,1319,658.3,67.47,143.50,146.40,0.226,-1.5,47.04,49.59,2.5,0.12,1.16,-7.86,267.94,-11.35,-5.14,-3.0,965.88,994.4,7.1,22.0,-6.6,-2.7,58.0,33.3,-176.0,138.7,1.68,2.60,3.43,3.18,75.95
65091,28,39.7905815,-84.1013586,412.1,1311,654.3,67.40,143.56,145.20,0.225,-1.9,48.10,49.68,1.6,-0.71,0.18,-7.84,267.94,-11.27,-5.15,-2.8,966.16,994.6,6.7,32.0,-5.7,-3.6,58.0,33.1,-176.0,138.1,1.69,2.62,3.43,3.18,76.32
65092,28,39.7909784,-84.1007529,409.6,1305,648.5,67.42,143.56,146.30,0.228,-2.8,48.98,49.76,0.8,-1.28,-0.98,-7.85,267.91,-11.26,-5.09,-2.7,966.37,994.8,6.5,40.8,-4.9,-4.3,58.0,33.1,-176.0,137.1,1.69,2.62,3.43,3.18,76.50
65093,28,39.7913741,-84.1001451,406.4,1296,635.8,67.47,144.38,146.90,0.228,-3.5,49.15,49.93,0.8,-1.17,-1.79,-7.84,267.89,-11.20,-5.09,-2.8,966.69,994.9,6.9,41.5,-5.2,-4.6,58.0,30.6,-176.0,136.2,1.70,2.63,3.43,3.18,76.79
65094,28,39.7917619,-84.0995478,402.8,1280,625.0,67.55,144.88,146.50,0.228,-3.4,48.41,49.87,1.5,-0.64,-1.15,-7.84,267.84,-11.11,-5.09,-2.5,967.25,995.3,7.2,34.6,-5.9,-4.1,58.0,30.6,-176.0,136.7,1.71,2.65,3.43,3.18,77.37
65095,28,39.7921531,-84.0989437,399.7,1269,614.8,67.52,144.88,147.10,0.228,-2.7,47.46,49.84,2.4,-0.30,-1.23,-7.79,267.86,-11.16,-5.04,-2.2,967.64,995.5,7.6,25.8,-6.8,-3.3,58.0,31.0,-175.9,137.3,1.70,2.64,3.44,3.19,76.74
65096,28,39.7925493,-84.0983366,397.0,1266,609.1,67.38,145.06,147.80,0.229,-2.8,46.90,49.59,2.7,-0.51,-1.27,-7.82,267.83,-11.12,-5.04,-2.2,967.74,996.0,8.0,23.6,-7.3,-3.2,58.0,31.0,-175.9,138.1,1.71,2.65,3.43,3.19,77.16
65097,28,39.7929464,-84.0977335,394.4,1256,602.0,67.15,144.94,148.20,0.228,-2.1,46.78,49.41,2.6,-0.56,-0.90,-7.80,267.83,-11.12,-5.04,-1.9,968.10,996.2,8.1,24.4,-7.4,-3.3,58.0,31.0,-175.9,138.2,1.71,2.65,3.44,3.19,77.00
65098,28,39.7933364,-84.0971471,393.1,1259,585.0,66.82,144.25,146.50,0.225,-1.0,46.95,49.22,2.3,-2.01,-0.19,-7.72,267.91,-11.14,-5.05,-1.9,967.99,996.5,7.9,27.4,-7.0,-3.6,58.0,31.0,-175.9,138.2,1.71,2.65,3.46,3.21,76.49
65099,28,39.7937318,-84.0965514,391.5,1261,586.4,66.48,143.75,144.90,0.226,-2.4,47.03,49.31,2.3,-3.85,-1.45,-7.74,267.89,-11.12,-5.05,-2.0,967.92,996.6,8.0,27.7,-7.1,-3.7,58.0,30.5,-175.9,139.0,1.71,2.65,3.46,3.21,76.69
65100,28,39.7941180,-84.0959704,388.3,1237,561.2,66.23,143.06,145.20,0.223,-3.6,47.10,49.08,2.0,-3.55,-2.07,-7.69,267.88,-11.18,-5.05,-2.1,968.77,996.7,7.8,29.9,-6.7,-3.9,58.0,30.5,-175.9,139.0,1.70,2.64,3.47,3.22,76.06
65101,28,39.7945087,-84.0953879,384.9,1243,571.4,65.95,142.31,143.40,0.223,-3.3,47.30,48.88,1.6,-2.89,-1.91,-7.68,267.90,-11.31,-5.05,-2.1,968.56,996.6,7.5,33.3,-6.3,-4.1,58.0,28.2,-175.9,138.5,1.68,2.61,3.47,3.23,75.19
65102,28,39.7948749,-84.0948441,382.0,1218,558.2,65.61,142.06,143.80,0.221,-2.9,47.23,48.82,1.6,-2.59,-1.37,-7.65,267.86,-11.35,-5.05,-2.1,969.44,997.2,7.7,33.6,-6.4,-4.3,58.0,28.2,-175.9,138.5,1.67,2.60,3.48,3.23,74.76
65103,28,39.7952706,-84.0942582,379.2,1213,547.0,65.22,141.38,144.10,0.221,-2.7,46.97,48.70,1.7,-2.36,-0.30,-7.64,267.86,-11.37,-5.06,-2.2,969.62,997.2,7.8,32.3,-6.6,-4.2,58.0,29.4,-175.9,138.8,1.67,2.60,3.48,3.24,74.63
65104,28,39.7956528,-84.0936935,376.8,1207,529.8,64.82,141.25,142.90,0.222,-2.5,47.11,48.72,1.6,-2.81,0.21,-7.68,267.81,-11.52,-5.05,-2.3,969.83,997.5,8.1,34.1,-6.7,-4.5,58.0,29.4,-175.9,138.8,1.65,2.57,3.47,3.23,73.95
65105,28,39.7960410,-84.0931206,374.1,1192,498.4,64.51,140.38,142.50,0.220,-2.8,47.37,48.66,1.3,-2.94,-0.97,-7.62,267.82,-11.57,-5.06,-2.4,970.36,997.6,7.9,36.7,-6.3,-4.7,58.0,30.2,-175.9,139.4,1.64,2.56,3.49,3.24,73.31
65106,28,39.7964201,-84.0925620,371.2,1177,527.8,64.23,138.88,141.20,0.220,-3.1,47.61,48.66,1.1,-2.75,-0.98,-7.62,267.78,-11.60,-5.06,-1.9,970.89,998.0,7.3,38.3,-5.7,-4.5,58.0,30.2,-175.9,139.1,1.64,2.55,3.49,3.24,73.15
65107,28,39.7968053,-84.0919938,367.9,1161,525.4,63.98,138.19,138.80,0.215,-3.1,47.37,48.73,1.4,-2.30,0.32,-7.53,267.83,-11.62,-5.07,-1.6,971.45,998.4,7.3,35.4,-5.9,-4.2,58.0,29.5,-175.9,138.6,1.63,2.55,3.51,3.27,72.48
65108,28,39.7971803,-84.0914387,365.2,1160,516.2,63.69,137.50,138.90,0.215,-2.1,47.13,48.91,1.8,-1.50,1.02,-7.53,267.83,-11.61,-5.07,-1.2,971.49,998.8,7.4,31.5,-6.3,-3.8,58.0,29.5,-175.9,139.0,1.64,2.55,3.51,3.27,72.52
65109,28,39.7975589,-84.0908731,363.7,1143,511.8,63.31,136.38,139.40,0.211,-1.2,46.76,49.04,2.3,-1.51,-0.33,-7.44,267.87,-11.62,-5.08,-1.1,972.09,998.9,7.3,26.7,-6.6,-3.3,58.0,31.7,-175.9,139.7,1.63,2.55,3.54,3.29,71.96
65110,28,39.7979323,-84.0903178,362.5,1143,516.2,62.93,134.75,137.90,0.214,-1.8,46.46,48.79,2.3,-3.04,-2.34,-7.50,267.81,-11.54,-5.07,-1.0,972.09,999.4,6.9,24.8,-6.3,-2.9,58.0,31.7,-175.9,139.9,1.64,2.56,3.52,3.28,72.74
65111,28,39.7983105,-84.0897628,360.1,1129,495.3,62.74,135.06,137.90,0.211,-2.5,46.69,48.34,1.7,-3.12,-2.57,-7.45,267.82,-11.53,-5.08,-1.3,972.59,999.4,7.0,31.7,-6.0,-3.7,58.0,28.3,-175.9,138.8,1.64,2.56,3.54,3.29,72.56
65112,28,39.7986829,-84.0892231,357.6,1124,487.8,62.56,135.19,139.70,0.212,-2.6,47.18,48.13,1.0,-3.41,-1.86,-7.42,267.83,-11.35,-5.03,-0.9,972.76,999.8,7.1,38.7,-5.5,-4.4,58.0,28.3,-175.9,138.4,1.67,2.60,3.54,3.30,73.45
65113,28,39.7990635,-84.0886752,354.5,1123,472.7,62.50,133.44,135.70,0.208,-3.4,47.52,47.87,0.4,-3.51,0.17,-7.33,267.92,-11.19,-5.04,-0.9,972.80,1000.1,6.2,43.9,-4.4,-4.3,58.0,28.4,-175.9,138.6,1.69,2.64,3.57,3.32,73.90
65114,28,39.7994445,-84.0881274,351.0,1100,424.5,62.49,133.06,134.80,0.208,-3.1,48.20,48.09,-0.1,-2.82,1.54,-7.29,267.90,-11.14,-4.99,-1.2,973.61,1000.4,6.0,49.4,-3.9,-4.5,58.0,28.5,-175.8,138.1,1.70,2.65,3.58,3.34,73.96
65115,28,39.7998188,-84.0875830,348.3,1107,390.9,62.31,133.56,133.50,0.210,-2.6,48.67,48.57,-0.1,-2.90,0.73,-7.28,267.93,-11.05,-4.93,-1.3,973.37,1000.3,6.4,49.7,-4.1,-4.9,58.0,31.2,-175.8,138.9,1.71,2.66,3.58,3.34,74.38
65116,28,39.8001831,-84.0870401,344.9,1086,385.7,62.20,133.69,137.20,0.207,-4.1,47.51,49.07,1.6,-3.49,-0.91,-7.23,267.93,-11.00,-4.94,-2.0,974.11,1000.5,6.8,33.1,-5.7,-3.7,58.0,31.1,-175.8,139.3,1.71,2.68,3.60,3.36,74.40
65117,28,39.8005536,-84.0864859,340.9,1072,362.5,62.07,135.06,138.20,0.211,-3.7,45.63,48.84,3.2,-2.41,-2.45,-7.30,267.81,-10.94,-4.93,-2.6,974.61,1001.1,8.3,20.8,-7.7,-2.9,58.0,28.9,-175.8,140.1,1.72,2.69,3.58,3.34,75.14
65118,28,39.8009232,-84.0859441,337.6,1056,364.2,61.77,134.75,137.10,0.212,-2.8,44.76,48.11,3.4,-1.89,-2.29,-7.31,267.76,-11.00,-4.93,-3.3,975.18,1001.2,8.5,19.5,-8.0,-2.8,58.0,28.8,-175.8,141.4,1.71,2.68,3.57,3.33,74.86
65119,28,39.8012958,-84.0854108,335.0,1042,365.3,61.48,133.75,135.00,0.210,-2.5,45.45,47.70,2.2,-2.09,-0.72,-7.27,267.76,-11.03,-4.93,-3.6,975.67,1001.8,7.8,27.4,-6.9,-3.6,58.0,29.2,-175.8,140.0,1.71,2.67,3.58,3.34,74.48
65120,28,39.8016675,-84.0848810,332.7,1046,338.4,61.27,132.19,133.70,0.205,-2.4,46.32,47.73,1.4,-2.57,-0.90,-7.24,267.80,-11.05,-4.99,-3.7,975.53,1001.8,6.9,33.7,-5.8,-3.8,58.0,29.2,-175.8,139.1,1.70,2.66,3.59,3.35,74.14
65121,28,39.8020411,-84.0843463,329.9,1029,368.8,61.06,133.12,136.40,0.211,-3.1,46.80,47.99,1.2,-3.12,0.77,-7.35,267.64,-11.12,-4.98,-3.5,976.13,1002.4,7.5,37.1,-6.0,-4.6,58.0,29.6,-175.8,139.5,1.69,2.65,3.56,3.32,74.39
65122,28,39.8024022,-84.0838182,326.4,1021,352.5,60.95,133.94,137.00,0.211,-3.8,46.59,48.53,1.9,-3.07,1.04,-7.34,267.63,-11.19,-4.98,-4.1,976.42,1002.9,8.2,32.1,-7.0,-4.4,58.0,29.6,-175.8,139.5,1.68,2.64,3.56,3.32,73.95
65123,28,39.8027679,-84.0832782,322.6,1004,338.6,60.81,133.81,137.30,0.211,-3.5,46.21,48.68,2.5,-2.48,0.08,-7.34,267.58,-11.33,-4.98,-4.0,977.02,1003.1,8.5,28.3,-7.5,-4.0,58.0,30.5,-175.8,141.0,1.66,2.61,3.57,3.32,73.13
65124,28,39.8031324,-84.0827406,319.2,1002,327.6,60.56,133.00,135.80,0.208,-3.4,46.19,48.64,2.5,-2.15,-0.29,-7.29,267.63,-11.47,-4.99,-3.9,977.09,1003.2,8.3,28.1,-7.4,-3.9,58.0,30.5,-175.8,141.1,1.64,2.58,3.58,3.34,71.97
65125,28,39.8034885,-84.0822169,316.0,983,319.7,60.31,132.38,134.10,0.206,-3.1,46.69,48.65,2.0,-2.18,0.67,-7.24,267.62,-11.56,-4.99,-3.8,977.77,1003.7,8.1,31.9,-6.9,-4.3,58.0,30.4,-175.8,139.8,1.63,2.56,3.59,3.35,71.26
65126,28,39.8038466,-84.0816894,312.7,970,316.8,60.13,131.19,133.90,0.206,-3.5,47.21,48.81,1.6,-2.88,1.37,-7.21,267.62,-11.62,-4.94,-3.6,978.23,1004.3,7.6,34.4,-6.3,-4.3,58.0,30.4,-175.8,139.3,1.62,2.55,3.60,3.36,70.67
65127,28,39.8042055,-84.0811551,308.7,973,310.4,60.02,130.75,133.40,0.205,-4.4,47.84,49.19,1.4,-3.14,1.81,-7.17,267.67,-11.67,-4.94,-3.4,978.13,1004.6,7.4,36.8,-5.9,-4.4,58.0,30.9,-175.8,139.9,1.62,2.54,3.61,3.37,70.25
65128,28,39.8045614,-84.0806171,304.3,949,304.6,60.04,130.31,133.00,0.206,-4.1,47.98,49.45,1.5,-2.58,-0.87,-7.14,267.63,-11.73,-4.89,-3.3,978.98,1004.9,7.2,35.6,-5.8,-4.2,58.0,31.0,-175.8,139.5,1.61,2.52,3.62,3.38,69.72
65129,28,39.8049100,-84.0800909,300.4,924,295.6,59.92,129.94,131.20,0.205,-4.0,48.28,49.31,1.0,-2.31,-0.66,-7.08,267.63,-11.71,-4.84,-3.1,979.87,1005.3,7.0,39.4,-5.4,-4.5,58.0,29.7,-175.8,138.0,1.61,2.53,3.64,3.40,69.52
65130,28,39.8052644,-84.0795553,296.2,916,282.4,59.77,129.56,131.90,0.203,-4.1,48.55,49.48,0.9,-1.98,0.69,-7.04,267.64,-11.75,-4.85,-3.0,980.16,1005.7,7.0,40.6,-5.3,-4.5,58.0,29.7,-175.8,137.8,1.60,2.52,3.65,3.41,69.11
65131,28,39.8056096,-84.0790299,292.6,883,267.9,59.66,128.81,131.50,0.205,-3.4,48.30,49.70,1.4,-1.25,-0.70,-7.02,267.57,-11.62,-4.79,-3.0,981.33,1006.2,6.8,35.9,-5.5,-4.0,58.0,31.2,-175.8,138.3,1.62,2.55,3.65,3.42,69.68
65132,28,39.8059587,-84.0785011,289.8,883,257.1,59.57,125.19,127.80,-8888,-2.2,47.88,49.16,1.3,-1.12,-2.49,-6.82,267.77,-11.50,-4.76,-3.0,981.33,1006.5,5.0,32.6,-4.2,-2.7,58.0,31.2,-175.8,138.9,1.63,2.57,3.71,3.48,69.27
65133,28,39.8062890,-84.0780083,287.9,884,248.1,59.43,123.81,124.60,-8888,-2.1,48.16,48.79,0.6,-1.90,-1.59,-6.68,267.91,-11.34,-4.73,-2.9,981.30,1006.8,4.3,39.5,-3.3,-2.7,58.0,29.6,-175.7,136.8,1.66,2.60,3.75,3.52,69.46
65134,28,39.8066414,-84.0774868,285.7,884,240.5,59.36,127.12,132.60,-8888,-2.5,48.64,48.89,0.3,-3.02,-0.13,-6.77,267.82,-11.16,-4.66,-3.0,981.30,1007.2,6.0,46.2,-4.2,-4.4,58.0,29.6,-175.7,136.3,1.68,2.64,3.72,3.49,70.92
65135,28,39.8069954,-84.0769575,282.4,872,230.9,59.43,128.56,132.40,-8888,-3.6,48.43,49.17,0.7,-3.16,2.73,-6.73,267.83,-10.96,-4.66,-3.1,981.73,1007.5,6.8,42.0,-5.0,-4.5,58.0,29.9,-175.7,138.5,1.71,2.68,3.74,3.50,71.87
65136,28,39.8073466,-84.0764237,278.6,847,214.1,59.43,129.00,133.10,0.203,-3.7,48.28,49.97,1.7,-1.82,2.54,-6.79,267.70,-10.88,-4.60,-3.2,982.62,1008.1,7.2,34.2,-5.9,-4.0,58.0,29.9,-175.7,138.6,1.72,2.70,3.72,3.48,72.68
