mdx/test/fixtures/IMPACTS_WISPER_CWC_P3_20200201_R0_SF03.ict
38, 1001
Toohey, Darin; Noone, David; Wein, Emily
University of Colorado; Atmospheric Investigations
WISPER: Condensed water concentration (ice + liquid water) from cavity ringdown spectrometer measurements of vaporized condensed water particles in heated counterflow virtual impactor inlet.
NASA IMPACTS Mission 2020
1,1
2020, 02, 01, 2021, 10, 03
1.0
Start_UTC, seconds, seconds since start of day of record
6
1, 1, 1, 1, 1, 1
-9999, -9999, -9999, -9999, -9999, -9999
CWC, g/(m^3), condensed water concentration (ice + liquid water)
H2O_VAP, ppm, water vapor mixing ratio
DELTAD_C, permil, HDO/H2(16)O ratio in condensed water
DELTAO18_C, permil, H2(18)O/H2(16)O ratio in condensed water
DELTAD_V, permil, HDO/H2(16)O ratio in water vapor
DELTAO18_V, permil, H2(18)O/H2(16)O ratio in water vapor
0
18
PI_CONTACT_INFO:  University of Colorado - ATOC; 4001 Discovery Drive, Boulder, CO 80303; toohey@colorado.edu
PLATFORM: NASA P3 (ORION)- sampling from CVI inlet and a backward facing pick off tube on port side of fuselage
LOCATION: Aircraft location data available TBD
ASSOCIATED_DATA: N/A
INSTRUMENT_INFO: TBD
DATA_INFO: Condensed water concentration is corrected for inertial enhancement of particle concentrations in subisokinetic inlet.
UNCERTAINTY:  The uncertainty is estimated to be +/- 10% CWC (1-sigma); Contact PIs for uncertainties in water vapor and isotopologue ratios
ULOD_FLAG: -7777
ULOD_VALUE: N/A
LLOD_FLAG: -8888
LLOD_VALUE: N/A
DM_CONTACT_INFO: TBD
PROJECT_INFO:  IMPACTS Mission Jan – Feb, 2020; based in Wallops Island, Virgnia.
STIPULATIONS_ON_USE: Please consult IMPACTS data policy
OTHER_COMMENTS: none.
REVISION: R0
R0: Post-mission calibrations for H2O and isotopologues applied. Additional QA/QC is needed for water vapor and isotopologues to account for condensation and icing on vapor phase inlet.
Start_UTC, CWC, H2O_VAP, DELTAD_C, DELTAO18_C, DELTAD_V, DELTAO18_V
[from data line 10906]
52376,0.220028563,-9999,-125.06,-10.04,-9999,-9999
52377,0.212707075,-9999,-112.14,-11.91,-9999,-9999
52378,0.20702412,-9999,-108.11,-12.16,-9999,-9999
52379,0.205267305,-9999,-126.48,-12.6,-9999,-9999
52380,0.200351036,-9999,-127.81,-12.6,-9999,-9999
52381,0.198574333,-9999,-128.35,-13.3,-9999,-9999
52382,0.195595863,-9999,-108.41,-12.8,-9999,-9999
52383,0.192994104,-9999,-115.64,-12.62,-9999,-9999
52384,0.1916927,-9999,-117.52,-12.57,-9999,-9999
52385,0.190193941,-9999,-127.43,-12.85,-9999,-9999
52386,0.186848179,-9999,-126.12,-12.3,-9999,-9999
52387,0.232072356,-9999,-136.81,-13.12,-9999,-9999
52388,0.188309536,-9999,-135,-13.6,-9999,-9999
52389,0.306019157,-9999,-127.28,-12.57,-9999,-9999
52390,0.234224921,-9999,-119.56,-13.41,-9999,-9999
52391,0.31688924,-9999,-126.74,-13.74,-9999,-9999
52392,0.298689153,-9999,-119.64,-13.86,-9999,-9999
52393,0.292840874,-9999,-127.45,-14.17,-9999,-9999
52394,0.271375942,-9999,-118.55,-14.55,-9999,-9999
52395,0.221755531,-9999,-121.26,-13.11,-9999,-9999
52396,0.212307513,-9999,-132.72,-13.62,-9999,-9999
52397,0.242196825,-9999,-134.09,-13.16,-9999,-9999
52398,0.274653885,-9999,-135.7,-13.79,-9999,-9999
52399,0.292806693,-9999,-134.94,-14.43,-9999,-9999
52400,0.347910077,-9999,-140.97,-15.28,-9999,-9999
52401,0.375667118,-9999,-145.73,-15.33,-9999,-9999
52402,0.411670739,-9999,-147.84,-15.84,-9999,-9999
52403,0.426008691,-9999,-139.26,-16.92,-9999,-9999
52404,0.418239116,-9999,-146.52,-16.21,-9999,-9999
52405,0.414161174,-9999,-137.25,-16.61,-9999,-9999
52406,0.398644163,-9999,-142.67,-16.73,-9999,-9999
52407,0.398696422,-9999,-148.66,-16.76,-9999,-9999
52408,0.415666174,-9999,-144.57,-16.8,-9999,-9999
52409,0.416497032,-9999,-146.52,-16.28,-9999,-9999
52410,0.428881448,-9999,-148.86,-16.77,-9999,-9999
52411,0.45395991,-9999,-146.15,-16.86,-9999,-9999
52412,0.421707523,-9999,-149.47,-16.93,-9999,-9999
52413,0.456581632,-9999,-145.52,-17.18,-9999,-9999
52414,0.440961027,-9999,-144.91,-16.33,-9999,-9999
52415,0.435267912,-9999,-137.48,-16.37,-9999,-9999
52416,0.437691054,-9999,-145.91,-16.15,-9999,-9999
52417,0.445896191,-9999,-147.59,-16.23,-9999,-9999
52418,0.478195348,-9999,-145.86,-16.12,-9999,-9999
52419,0.482165566,-9999,-139.94,-16.66,-9999,-9999
52420,0.493437694,-9999,-144.85,-16.47,-9999,-9999
52421,0.489924414,-9999,-147.2,-16.33,-9999,-9999
52422,0.489740693,-9999,-141.83,-16.59,-9999,-9999
52423,0.488268292,-9999,-150.07,-16.59,-9999,-9999
52424,0.471413432,-9999,-149.13,-16.96,-9999,-9999
52425,0.457764291,-9999,-147.87,-16.52,-9999,-9999
52426,0.428215723,-9999,-151.81,-17.57,-9999,-9999
52427,0.406834544,-9999,-154.48,-17.21,-9999,-9999
52428,0.406505098,-9999,-157.77,-17.04,-9999,-9999
52429,0.355568974,-9999,-154.09,-17.89,-9999,-9999
52430,0.375990766,-9999,-156.22,-17.8,-9999,-9999
52431,0.379504635,-9999,-152.08,-17.4,-9999,-9999
52432,0.364150402,-9999,-151.61,-18.33,-9999,-9999
52433,0.394175845,-9999,-151.14,-17.73,-9999,-9999
52434,0.390639453,-9999,-152.59,-17.76,-9999,-9999
52435,0.377996654,-9999,-153.98,-18.06,-9999,-9999
52436,0.35345059,-9999,-155.98,-17.85,-9999,-9999
52437,0.376866398,-9999,-158.03,-18.54,-9999,-9999
52438,0.358897404,-9999,-157.21,-17.93,-9999,-9999
52439,0.342971775,-9999,-166.89,-18.88,-9999,-9999
52440,0.324024388,-9999,-159.33,-19.21,-9999,-9999
52441,0.302598157,-9999,-164.11,-19.9,-9999,-9999
52442,0.313907722,-9999,-162.4,-19.91,-9999,-9999
52443,0.318130171,-9999,-156.34,-20.06,-9999,-9999
52444,0.314255671,-9999,-165.12,-20.53,-9999,-9999
52445,0.290982154,-9999,-160.38,-20.41,-9999,-9999
52446,0.295356627,-9999,-169.26,-20.27,-9999,-9999
52447,0.275294621,-9999,-160.71,-21.02,-9999,-9999
52448,0.267678797,-9999,-170.78,-20.38,-9999,-9999
52449,0.252380262,-9999,-164.28,-20.71,-9999,-9999
52450,0.243850848,-9999,-166.86,-20.98,-9999,-9999
52451,0.233041448,-9999,-171.97,-20.87,-9999,-9999
52452,0.211816991,-9999,-179.17,-21.68,-9999,-9999
52453,0.202232946,-9999,-159.57,-22.47,-9999,-9999
52454,0.170619334,-9999,-182.67,-22.85,-9999,-9999
52455,0.151085729,-9999,-162.94,-23.02,-9999,-9999
52456,0.156870213,-9999,-183.35,-23.22,-9999,-9999
52457,0.134671251,-9999,-176.97,-24.49,-9999,-9999
52458,0.131109289,-9999,-178.53,-23.58,-9999,-9999
52459,0.135377187,-9999,-183.11,-22.43,-9999,-9999
52460,0.144364702,-9999,-164.11,-23.52,-9999,-9999
52461,0.188364708,-9999,-191.15,-22.2,-9999,-9999
52462,0.195669431,-9999,-189.26,-21.05,-9999,-9999
52463,0.232087396,-9999,-161.27,-20.21,-9999,-9999
52464,0.381643592,-9999,-161.14,-19.58,-9999,-9999
52465,0.384981374,-9999,-160.03,-20.4,-9999,-9999
52466,0.363977696,-9999,-161.34,-19.76,-9999,-9999
52467,0.352235073,-9999,-165.12,-19.25,-9999,-9999
52468,0.335357598,-9999,-158.22,-19.89,-9999,-9999
52469,0.344749206,-9999,-165.63,-19.86,-9999,-9999
52470,0.353355293,-9999,-161.86,-20.18,-9999,-9999
52471,0.286761712,-9999,-176.06,-19.71,-9999,-9999
52472,0.255563919,-9999,-158.39,-19.79,-9999,-9999
52473,0.30844034,-9999,-163.75,-19.68,-9999,-9999
52474,0.321947303,-9999,-161.15,-20.03,-9999,-9999
52475,0.299727559,-9999,-163.15,-20.35,-9999,-9999
52476,0.257665555,-9999,-161.95,-20.37,-9999,-9999
52477,0.242866317,-9999,-163.24,-21.38,-9999,-9999
52478,0.245685603,-9999,-158.78,-21.42,-9999,-9999
52479,0.215350334,-9999,-165.07,-22.1,-9999,-9999
52480,0.192396379,-9999,-170.19,-22.08,-9999,-9999
52481,0.173717463,-9999,-189.15,-21.92,-9999,-9999
52482,0.171827574,-9999,-167.78,-21.48,-9999,-9999
52483,0.189051131,-9999,-181.09,-21.11,-9999,-9999
52484,0.180641796,-9999,-181.53,-22.96,-9999,-9999
52485,0.171610074,-9999,-162.7,-22.45,-9999,-9999
52486,0.154843202,-9999,-170.35,-22.31,-9999,-9999
52487,0.163316936,-9999,-177.54,-23.28,-9999,-9999
52488,0.139812533,-9999,-181.96,-23.64,-9999,-9999
52489,0.144420452,-9999,-166.01,-23.83,-9999,-9999
52490,0.137053544,-9999,-168.38,-24.95,-9999,-9999
52491,0.130496941,-9999,-190.19,-24.42,-9999,-9999
52492,0.124932431,-9999,-187.86,-24.28,-9999,-9999
52493,0.155021415,-9999,-175.26,-23.98,-9999,-9999
52494,0.141846105,-9999,-195.14,-22.43,-9999,-9999
52495,0.195869929,-9999,-176.51,-22.23,-9999,-9999
52496,0.212466208,-9999,-179.07,-21.55,-9999,-9999
52497,0.234568165,-9999,-180.05,-21.01,-9999,-9999
52498,0.23185229,-9999,-175.36,-22.47,-9999,-9999
52499,0.183114639,-9999,-170.53,-22.67,-9999,-9999
52500,0.190844045,-9999,-166.69,-24.13,-9999,-9999
52501,0.168703782,-9999,-163.2,-24.15,-9999,-9999
52502,0.109006915,-9999,-171.91,-24.26,-9999,-9999
52503,0.152215763,-9999,-187.66,-24.37,-9999,-9999
52504,0.134648248,-9999,-197.19,-23.8,-9999,-9999
52505,0.124793616,-9999,-170.04,-25.56,-9999,-9999
52506,0.142199596,-9999,-196.06,-22.85,-9999,-9999
52507,0.148689623,-9999,-188.37,-22.55,-9999,-9999
52508,0.141429929,-9999,-194.31,-23.94,-9999,-9999
52509,0.177579909,-9999,-184.31,-23.86,-9999,-9999
52510,0.127811083,-9999,-176.8,-22.71,-9999,-9999
52511,0.157079841,-9999,-215.31,-24.57,-9999,-9999
52512,0.128677477,-9999,-199.64,-25.77,-9999,-9999
52513,0.119833391,-9999,-199.26,-25.62,-9999,-9999
52514,0.126937095,-9999,-194.74,-24.74,-9999,-9999
52515,0.11362846,-9999,-193.12,-26,-9999,-9999
52516,0.118761371,-9999,-181.06,-24.97,-9999,-9999
52517,0.10455222,-9999,-200.9,-26.22,-9999,-9999
52518,0.120575094,-9999,-206.58,-25.41,-9999,-9999
52519,0.109010849,-9999,-184.87,-27.74,-9999,-9999
52520,0.121023153,-9999,-172.22,-25.61,-9999,-9999
52521,0.105354846,-9999,-205.42,-26.11,-9999,-9999
52522,0.116975374,-9999,-203.44,-25.09,-9999,-9999
52523,0.118659041,-9999,-201.68,-26.57,-9999,-9999
52524,0.127384713,-9999,-215.11,-25.88,-9999,-9999
52525,0.124272179,-9999,-195.27,-26.12,-9999,-9999
52526,0.114093749,-9999,-201.25,-25.72,-9999,-9999
52527,0.111959147,-9999,-233.72,-23.18,-9999,-9999
52528,0.119031272,-9999,-217.19,-24.82,-9999,-9999
52529,0.131517498,-9999,-166.76,-25.68,-9999,-9999
52530,0.1522979,-9999,-187.09,-24.29,-9999,-9999
52531,0.146910225,-9999,-193.59,-24.49,-9999,-9999
52532,0.149604223,-9999,-184.07,-24.53,-9999,-9999
52533,0.128418186,-9999,-188.85,-24.56,-9999,-9999
52534,0.180333467,-9999,-191.46,-24.34,-9999,-9999
52535,0.158871339,-9999,-209.9,-24.3,-9999,-9999
52536,0.144954977,-9999,-192.07,-24.23,-9999,-9999
52537,0.164321726,-9999,-186.15,-24.37,-9999,-9999
52538,0.194147068,-9999,-180.92,-21.62,-9999,-9999
52539,0.239030568,-9999,-172.05,-21.93,-9999,-9999
52540,0.425848783,-9999,-161.61,-20.29,-9999,-9999
52541,0.410172274,-9999,-167.97,-18.67,-9999,-9999
52542,0.411643265,-9999,-145.85,-19.08,-9999,-9999
52543,0.53665877,-9999,-152.06,-18.52,-9999,-9999
52544,0.523013993,-9999,-153.36,-17.7,-9999,-9999
52545,0.48999996,-9999,-139.42,-18.15,-9999,-9999
52546,0.593587506,-9999,-146.88,-18.02,-9999,-9999
52547,0.603610592,-9999,-147.17,-17.6,-9999,-9999
52548,0.617523398,-9999,-141.21,-17.87,-9999,-9999
52549,0.681807142,-9999,-145.79,-17.56,-9999,-9999
52550,0.657690319,-9999,-149.85,-17.62,-9999,-9999
52551,0.660377568,-9999,-146.46,-17.72,-9999,-9999
52552,0.627340763,-9999,-142.77,-17.83,-9999,-9999
52553,0.66718759,-9999,-146.78,-17.28,-9999,-9999
52554,0.794301982,-9999,-142.3,-17.51,-9999,-9999
52555,1.010392578,-9999,-143.52,-17.42,-9999,-9999
52556,1.096082044,-9999,-144.37,-17.58,-9999,-9999
52557,1.067112255,-9999,-143.11,-18.02,-9999,-9999
52558,0.896823049,-9999,-146.64,-18.23,-9999,-9999
52559,1.007306801,-9999,-149.57,-17.88,-9999,-9999
52560,0.850405211,-9999,-147.06,-18.19,-9999,-9999
52561,0.946326203,-9999,-145.97,-18.52,-9999,-9999
52562,1.08658601,-9999,-145.72,-17.78,-9999,-9999
52563,0.82303264,-9999,-148.45,-18.51,-9999,-9999
52564,1.006326257,-9999,-151.44,-18.7,-9999,-9999
52565,0.875007631,-9999,-149.27,-18.67,-9999,-9999
52566,0.647954611,-9999,-150.22,-19.21,-9999,-9999
52567,0.634317875,-9999,-155.2,-18.61,-9999,-9999
52568,0.623593365,-9999,-150.34,-19.31,-9999,-9999
52569,0.656667395,-9999,-152.62,-18.95,-9999,-9999
52570,0.649657564,-9999,-150.61,-18.58,-9999,-9999
52571,0.756024008,-9999,-150.15,-18.43,-9999,-9999
52572,0.794258613,-9999,-145.53,-18.94,-9999,-9999
52573,0.702463246,-9999,-152.55,-18.89,-9999,-9999
52574,0.591242464,-9999,-157.28,-19.85,-9999,-9999
52575,0.691889935,-9999,-163.05,-20.23,-9999,-9999
52576,0.413186172,-9999,-171.57,-20.72,-9999,-9999
52577,0.512556641,-9999,-165.72,-19.87,-9999,-9999
52578,0.628836057,-9999,-166.28,-19.97,-9999,-9999
52579,0.402718783,-9999,-176.24,-21.46,-9999,-9999
52580,0.6923211,-9999,-176.47,-21.16,-9999,-9999
52581,0.724055731,-9999,-172.96,-22.61,-9999,-9999
52582,0.587759665,-9999,-183.49,-20.88,-9999,-9999
52583,0.644335244,-9999,-173.81,-22.71,-9999,-9999
52584,0.568247249,-9999,-176.17,-21.55,-9999,-9999
52585,0.624036201,-9999,-178.35,-22.63,-9999,-9999
52586,0.621988513,-9999,-182.18,-21.13,-9999,-9999
52587,0.685569438,-9999,-172.38,-21.6,-9999,-9999
52588,0.52341648,-9999,-168.66,-21.12,-9999,-9999
52589,0.703684827,-9999,-167.25,-19.42,-9999,-9999
52590,0.71933308,-9999,-162.9,-20.49,-9999,-9999
52591,0.652609039,-9999,-168.54,-20.47,-9999,-9999
52592,0.75960055,-9999,-167.29,-20.43,-9999,-9999
52593,0.779971357,-9999,-168.76,-20.51,-9999,-9999
52594,0.744497007,-9999,-167.17,-20.03,-9999,-9999
52595,0.619041482,-9999,-167.67,-20.21,-9999,-9999
52596,0.703285155,-9999,-163.25,-20.32,-9999,-9999
52597,0.566622847,-9999,-169.85,-20.33,-9999,-9999
52598,0.612074837,-9999,-163.59,-19.81,-9999,-9999
52599,0.541244023,-9999,-159.26,-19.98,-9999,-9999
52600,0.625644591,-9999,-158.13,-19.6,-9999,-9999
52601,0.4256284,-9999,-159.34,-19.09,-9999,-9999
52602,0.607171244,-9999,-163.19,-19.58,-9999,-9999
52603,0.513159241,-9999,-159.99,-19.58,-9999,-9999
52604,0.653865973,-9999,-163.7,-20.66,-9999,-9999
52605,0.501346387,-9999,-165.84,-20.26,-9999,-9999
52606,0.726767863,-9999,-166.64,-19.73,-9999,-9999
52607,0.595288459,-9999,-161.82,-21,-9999,-9999
52608,0.497706181,-9999,-166.54,-19.94,-9999,-9999
52609,0.581575619,-9999,-166.99,-20.58,-9999,-9999
52610,0.390099149,-9999,-173.14,-20.27,-9999,-9999
52611,0.533171654,-9999,-166.37,-20.39,-9999,-9999
52612,0.313664454,-9999,-166.06,-20.63,-9999,-9999
52613,0.361210846,-9999,-167.14,-20.96,-9999,-9999
52614,0.304755668,-9999,-165.39,-21.02,-9999,-9999
52615,0.281888354,-9999,-174.33,-21.92,-9999,-9999
52616,0.220050424,-9999,-174.12,-21.23,-9999,-9999
52617,0.219875694,-9999,-185.66,-21.72,-9999,-9999
52618,0.230368799,-9999,-179.94,-21.79,-9999,-9999
52619,0.140354676,-9999,-184.3,-23.38,-9999,-9999
52620,0.176469701,-9999,-193.17,-24.05,-9999,-9999
52621,0.157187662,-9999,-182.59,-23.84,-9999,-9999
52622,0.133623486,-9999,-178.74,-23.08,-9999,-9999
52623,0.152015448,-9999,-185.62,-23.11,-9999,-9999
52624,0.132593765,-9999,-179.76,-23.39,-9999,-9999
52625,0.159914748,-9999,-189.59,-23.29,-9999,-9999
52626,0.147970384,-9999,-174.17,-23.95,-9999,-9999
52627,0.143291938,-9999,-185.62,-23.68,-9999,-9999
52628,0.134911718,-9999,-185.69,-24.64,-9999,-9999
52629,0.1356591,-9999,-183.22,-24.59,-9999,-9999
52630,0.149031482,-9999,-192.19,-23.85,-9999,-9999
52631,0.143088823,-9999,-198.29,-25.13,-9999,-9999
52632,0.156476354,-9999,-198.47,-25.43,-9999,-9999
52633,0.166351128,-9999,-192.66,-23.65,-9999,-9999
52634,0.14334313,-9999,-193.67,-24.14,-9999,-9999
52635,0.162228113,-9999,-179.4,-24.79,-9999,-9999
52636,0.135393705,-9999,-169.58,-24.69,-9999,-9999
52637,0.127822857,-9999,-211.73,-24.69,-9999,-9999
52638,0.124039111,-9999,-186.7,-26.3,-9999,-9999
52639,0.121625986,-9999,-196.01,-25.13,-9999,-9999
52640,0.121996233,-9999,-180.01,-25.45,-9999,-9999
52641,0.12972767,-9999,-192.38,-25.05,-9999,-9999
52642,0.135902908,-9999,-219.72,-24.91,-9999,-9999
52643,0.124027714,-9999,-189.9,-26.13,-9999,-9999
52644,0.138218942,-9999,-180.88,-24.82,-9999,-9999
52645,0.134769314,-9999,-207.57,-24.08,-9999,-9999
52646,0.121998104,-9999,-215.03,-25.71,-9999,-9999
52647,0.122530055,-9999,-196.01,-26.11,-9999,-9999
52648,0.114753555,-9999,-211.6,-25.74,-9999,-9999
52649,0.123638987,-9999,-188.97,-26.34,-9999,-9999
52650,0.145909165,-9999,-203.72,-24.3,-9999,-9999
52651,0.185955738,-9999,-192.82,-23.19,-9999,-9999
52652,0.240813961,-9999,-188.69,-23.52,-9999,-9999
52653,0.201044668,-9999,-176.32,-22.66,-9999,-9999
52654,0.235257537,-9999,-188.27,-22.46,-9999,-9999
52655,0.214370109,-9999,-184.9,-22.64,-9999,-9999
52656,0.208976958,-9999,-175.48,-23.52,-9999,-9999
52657,0.201839056,-9999,-181.17,-23.62,-9999,-9999
52658,0.177023393,-9999,-184.98,-23.67,-9999,-9999
52659,0.160316443,-9999,-195.74,-23.91,-9999,-9999
52660,0.199566096,-9999,-181.45,-22.36,-9999,-9999
52661,0.179598067,-9999,-179.26,-23.09,-9999,-9999
52662,0.239451627,-9999,-168.24,-23.45,-9999,-9999
52663,0.190147709,-9999,-190.62,-24.62,-9999,-9999
52664,0.160975302,-9999,-186.72,-23.74,-9999,-9999
52665,0.142332988,-9999,-169.01,-24.12,-9999,-9999
52666,0.174865075,-9999,-183.63,-23.74,-9999,-9999
52667,0.171311492,-9999,-190.78,-23.83,-9999,-9999
52668,0.19614817,-9999,-192.85,-24.23,-9999,-9999
52669,0.183658157,-9999,-188.8,-23.78,-9999,-9999
52670,0.170221595,-9999,-181.18,-24.4,-9999,-9999
52671,0.199487813,-9999,-181.05,-24.66,-9999,-9999
52672,0.139008429,-9999,-214.02,-23.58,-9999,-9999
52673,0.129252648,-9999,-195.6,-24.73,-9999,-9999
52674,0.130782293,-9999,-202.84,-24.02,-9999,-9999
52675,0.152653203,-9999,-205.53,-24.85,-9999,-9999
52676,0.153925292,-9999,-178.42,-24.51,-9999,-9999
52677,0.180238288,-9999,-185.23,-23.95,-9999,-9999
52678,0.172407438,-9999,-200.08,-23.94,-9999,-9999
52679,0.171215013,-9999,-195.95,-23.29,-9999,-9999
52680,0.201697033,-9999,-195.27,-22.77,-9999,-9999
52681,0.221752356,-9999,-202.77,-22.26,-9999,-9999
52682,0.215643711,-9999,-189.73,-23.65,-9999,-9999
52683,0.245364372,-9999,-164.79,-24.08,-9999,-9999
52684,0.162189402,-9999,-188.86,-22.96,-9999,-9999
52685,0.149191077,-9999,-182.05,-21.85,-9999,-9999
52686,0.225674903,-9999,-180.91,-24.73,-9999,-9999
52687,0.166630543,-9999,-180.35,-24.24,-9999,-9999
52688,0.143387613,-9999,-186.62,-23.12,-9999,-9999
52689,0.186640632,-9999,-191.29,-22.41,-9999,-9999
