mdx/test/fixtures/IMPACTS_AVAPS_P3B_202202081429_R0.ict
104, 1001
Thornhill, Lee
NASA Langley
AVAPS NRD41
IMPACTS
1,1
2022, 02, 08, 2022, 02, 09
0.25
Time_Start, seconds, Time_Start, Starting time of the sampling period in UTC seconds from midnight
14
1, 1, 1, 1, 1, 1, 1, 1, 1, 1, 1, 1, 1, 1
-9999, -9999, -9999, -9999, -9999, -9999, -9999, -9999, -9999, -9999, -9999, -9999, -9999, -9999
TimeFLStart, seconds, None, Starting time of the sampling period from the launch
Pressure, mb, Met_StaticPressure_InSitu_None, Static air pressure
Temperature, deg C, Met_StaticAirTemperature_InSitu_None, Static air Temperature
RH, %, Met_RelativeHumidityWater_InSitu_None, Relative humidity over water
Speed, m/s, Met_WindSpeed_InSitu_None, Wind Speed
Direction, deg, Met_WindDirection_InSitu_None, Wind Direction
Latitude, deg, Platform_Latitude_InSitu_None, Sonde latitude
Longitude, deg, Platform_longitude_InSitu_None, Sonde longitude
Altitude, m, Platform_AltitudePressure_InSitu_None, Sonde pressure altitude
GPS Altitude, m, Platform_AltitudeMSL_InSitu_None, Sonde altitude over mean sea level
Dewpoint, deg C, Met_DewPoint_InSitu_None, Dew Point Temperature
Uwnd, m/s, Met_UWindSpeed_InSitu_None, East-West wind speed
Vwnd, m/s, Met_VWindSpeed_InSitu_None, North-South wind speed
Ascent, m/s, Met_WWindSpeed_InSitu_None, Vertical wind speed
54
Launch Time: 2022-02-08 14:29:42
QCSoftware: Aspen V3.4.6
ChuteArea: 400
DragCoef: 0.61
DropSondeMass: 158
DropSondeHitSfc: 1
GPSAltBuddySlope: 50
GPSAltQCDev: 50
GPSAltQCWL: 10
GPSPosBuddySlope: 0.005
GPSPosQCDev: 0.01
GPSPosQCWL: 30
PosInterpSpan: 60
PresBuddySlope: 2
PresEquilTime: 4.01
PresOffset: 0
PresOutlier: 10
PresQCDev: 3
PresQCWL: 10
PresSmoothWL: 5
RHBuddySlope: 20
RHEquilTime: 12.30
RHEquilTimeOverride: 0
RHOffset: 0
RHOutlier: 10
RHQCDev: 3
RHQCWL: 10
RHSmoothWL: 5
RHThreshold: 0
RHchoice: 0
Sonde Serial Number: 190550187
TdryBuddySlope: 3
TdryDynCor: 1
TdryDynCorWL: 20
TdryEquilTime: 4.01
TdryEquilTimeOverride: 0
TdryOffset: 0
TdryOutlier: 10
TdryOutlier: 10
TdryQCWL: 10
TdrySmoothWL: 5
WindBuddySlope: 10
WindDynCor: 1
WindDynCorWL: 10
WindEquilTime: 10
WindErrorHigh: 1.5
WindErrorLow: 0.8
WindOutlier: 999
WindQCDev: 999
WindQCWL: 30
WindSats: 6
WindSmoothWL: 10
WindVVPresWL: 5
WindVVdelta: 2.5
22
PI_CONTACT_INFO: kenneth.l.thornhill@nasa.gov
PLATFORM:P3B, N426NA
LOCATION: Launch latitude, longitude, and elevation data are included in the corresponding "MetNav" files.
ASSOCIATED_DATA: N/A
INSTRUMENT_INFO: AVAPS NRD41, Serial Number: 190550187
DATA_INFO: 4 Hz data at a constant 0.25 second interval for winds; 2 Hz, 0.5 second interval for thermodynamics
UNCERTAINTY: xRD41 sensor specification:  
        Pressure: ±0.5hPa
        Temperature: ±0.2C 
        Humidity: ±3% 
        Horiz Winds: ±0.5m/s
ULOD_FLAG: -77777
ULOD_VALUE: N/A
LLOD_FLAG: -88888
LLOD_VALUE: N/A
DM_CONTACT_INFO: Claire Robinson, claire.e.robinson@nasa.gov
PROJECT_INFO: IMPACTS
OTHER_COMMENTS: N/A
STIPULATIONS_ON_USE: Users are strongly encouraged to consult with the PI for proper data use.
REVISION: R0
R0: FINAL Data
Time_Start,TimeFLStart,Pressure,Temperature,RH,Speed,Direction,Latitude,Longitude,Altitude,GPS Altitude,Dewpoint,Uwnd,Vwnd,Ascent
[from data line 1006]
52433.50,251.50,960.11,11.01,98.27,13.56,108.71,42.80,-65.89,350.37,358.84,10.75,-12.84,4.35,-1.13
52433.75,251.75,-9999,-9999,-9999,13.68,108.72,-9999,-9999,-9999,-9999,-9999,-12.96,4.39,-9999
52434.00,252.00,960.76,11.02,98.24,13.80,108.75,42.80,-65.89,344.71,352.97,10.76,-13.07,4.43,-1.15
52434.25,252.25,-9999,-9999,-9999,13.91,108.78,-9999,-9999,-9999,-9999,-9999,-13.17,4.48,-9999
52434.50,252.50,961.42,11.03,98.19,14.01,108.82,42.80,-65.89,338.98,347.09,10.76,-13.27,4.52,-1.26
52434.75,252.75,-9999,-9999,-9999,14.11,108.87,-9999,-9999,-9999,-9999,-9999,-13.35,4.57,-9999
52435.00,253.00,962.10,11.05,98.09,14.21,108.94,42.80,-65.89,333.08,341.32,10.77,-13.44,4.61,-1.39
52435.25,253.25,-9999,-9999,-9999,14.30,109.00,-9999,-9999,-9999,-9999,-9999,-13.52,4.66,-9999
52435.50,253.50,962.79,11.08,97.95,14.40,109.08,42.80,-65.89,327.11,335.53,10.77,-13.61,4.71,-1.48
52435.75,253.75,-9999,-9999,-9999,14.50,109.15,-9999,-9999,-9999,-9999,-9999,-13.69,4.76,-9999
52436.00,254.00,-9999,-9999,-9999,14.60,109.23,42.80,-65.89,-9999,329.61,-9999,-13.78,4.81,-9999
52436.25,254.25,-9999,-9999,-9999,14.70,109.29,-9999,-9999,-9999,-9999,-9999,-13.88,4.86,-9999
52436.50,254.50,964.16,11.13,97.57,14.82,109.34,42.80,-65.89,315.19,323.60,10.77,-13.98,4.91,-1.47
52436.75,254.75,-9999,-9999,-9999,14.94,109.37,-9999,-9999,-9999,-9999,-9999,-14.09,4.95,-9999
52437.00,255.00,964.84,11.14,97.38,15.07,109.37,42.80,-65.89,309.28,317.63,10.74,-14.21,5.00,-1.39
52437.25,255.25,-9999,-9999,-9999,15.21,109.35,-9999,-9999,-9999,-9999,-9999,-14.35,5.04,-9999
52437.50,255.50,965.52,11.11,97.26,15.36,109.29,42.80,-65.89,303.44,311.61,10.70,-14.49,5.07,-1.29
52437.75,255.75,-9999,-9999,-9999,15.52,109.19,-9999,-9999,-9999,-9999,-9999,-14.65,5.10,-9999
52438.00,256.00,966.18,11.04,97.31,15.68,109.06,42.80,-65.89,297.67,305.62,10.64,-14.83,5.12,-1.20
52438.25,256.25,-9999,-9999,-9999,15.86,108.88,-9999,-9999,-9999,-9999,-9999,-15.01,5.13,-9999
52438.50,256.50,966.85,10.94,97.53,16.05,108.67,42.80,-65.89,291.94,299.74,10.57,-15.20,5.14,-1.16
52438.75,256.75,-9999,-9999,-9999,16.24,108.43,-9999,-9999,-9999,-9999,-9999,-15.41,5.14,-9999
52439.00,257.00,967.51,10.81,97.84,16.44,108.16,42.80,-65.89,286.21,294.15,10.49,-15.62,5.12,-1.15
52439.25,257.25,-9999,-9999,-9999,16.63,107.88,-9999,-9999,-9999,-9999,-9999,-15.83,5.11,-9999
52439.50,257.50,968.18,10.69,98.18,16.83,107.57,42.80,-65.89,280.46,288.53,10.42,-16.04,5.08,-1.16
52439.75,257.75,-9999,-9999,-9999,17.02,107.26,-9999,-9999,-9999,-9999,-9999,-16.26,5.05,-9999
52440.00,258.00,968.85,10.57,98.46,17.21,106.93,42.80,-65.89,274.66,282.83,10.34,-16.47,5.01,-1.17
52440.25,258.25,-9999,-9999,-9999,17.40,106.61,-9999,-9999,-9999,-9999,-9999,-16.67,4.97,-9999
52440.50,258.50,969.52,10.46,98.60,17.58,106.28,42.80,-65.89,268.88,277.02,10.25,-16.87,4.93,-1.19
52440.75,258.75,-9999,-9999,-9999,17.75,105.95,-9999,-9999,-9999,-9999,-9999,-17.07,4.88,-9999
52441.00,259.00,970.18,10.35,98.55,17.92,105.63,42.80,-65.89,263.17,271.25,10.13,-17.26,4.83,-1.23
52441.25,259.25,-9999,-9999,-9999,18.08,105.30,-9999,-9999,-9999,-9999,-9999,-17.44,4.77,-9999
52441.50,259.50,970.85,10.23,98.30,18.24,104.98,42.80,-65.89,257.44,265.46,9.97,-17.62,4.71,-1.32
52441.75,259.75,-9999,-9999,-9999,18.38,104.65,-9999,-9999,-9999,-9999,-9999,-17.78,4.65,-9999
52442.00,260.00,971.53,10.08,97.88,18.52,104.33,42.80,-65.89,251.58,259.67,9.76,-17.94,4.58,-1.44
52442.25,260.25,-9999,-9999,-9999,18.64,104.00,-9999,-9999,-9999,-9999,-9999,-18.09,4.51,-9999
52442.50,260.50,972.23,9.91,97.40,18.75,103.67,42.80,-65.89,245.65,253.76,9.52,-18.22,4.43,-1.54
52442.75,260.75,-9999,-9999,-9999,18.85,103.33,-9999,-9999,-9999,-9999,-9999,-18.34,4.35,-9999
52443.00,261.00,972.92,9.71,97.09,18.94,102.97,42.80,-65.89,239.70,247.88,9.27,-18.45,4.25,-1.61
52443.25,261.25,-9999,-9999,-9999,19.00,102.61,-9999,-9999,-9999,-9999,-9999,-18.55,4.15,-9999
52443.50,261.50,973.62,9.49,97.11,19.06,102.23,42.80,-65.89,233.76,241.92,9.06,-18.62,4.04,-1.64
52443.75,261.75,-9999,-9999,-9999,19.09,101.83,-9999,-9999,-9999,-9999,-9999,-18.69,3.91,-9999
52444.00,262.00,974.32,9.29,97.40,19.11,101.41,42.80,-65.89,227.79,235.97,8.90,-18.73,3.78,-1.62
52444.25,262.25,-9999,-9999,-9999,19.11,100.98,-9999,-9999,-9999,-9999,-9999,-18.76,3.64,-9999
52444.50,262.50,975.02,9.11,97.80,19.10,100.53,42.80,-65.89,221.82,230.13,8.78,-18.78,3.49,-1.54
52444.75,262.75,-9999,-9999,-9999,19.07,100.06,-9999,-9999,-9999,-9999,-9999,-18.78,3.33,-9999
52445.00,263.00,975.71,8.96,98.20,19.03,99.57,42.80,-65.89,215.90,224.39,8.69,-18.77,3.16,-1.42
52445.25,263.25,-9999,-9999,-9999,18.98,99.06,-9999,-9999,-9999,-9999,-9999,-18.74,2.99,-9999
52445.50,263.50,976.40,8.84,98.52,18.92,98.54,42.80,-65.89,210.08,218.69,8.62,-18.71,2.81,-1.29
52445.75,263.75,-9999,-9999,-9999,18.84,97.99,-9999,-9999,-9999,-9999,-9999,-18.66,2.62,-9999
52446.00,264.00,977.07,8.74,98.78,18.77,97.43,42.80,-65.89,204.41,212.94,8.56,-18.61,2.43,-1.18
52446.25,264.25,-9999,-9999,-9999,18.68,96.85,-9999,-9999,-9999,-9999,-9999,-18.55,2.23,-9999
52446.50,264.50,977.73,8.66,98.99,18.59,96.25,42.80,-65.89,198.80,207.20,8.51,-18.48,2.03,-1.14
52446.75,264.75,-9999,-9999,-9999,18.49,95.65,-9999,-9999,-9999,-9999,-9999,-18.40,1.82,-9999
52447.00,265.00,978.40,8.59,99.13,18.39,95.03,42.80,-65.89,193.14,201.41,8.46,-18.32,1.61,-1.14
52447.25,265.25,-9999,-9999,-9999,18.29,94.42,-9999,-9999,-9999,-9999,-9999,-18.24,1.41,-9999
52447.50,265.50,979.08,8.52,99.19,18.19,93.81,42.80,-65.89,187.37,195.62,8.40,-18.15,1.21,-1.09
52447.75,265.75,-9999,-9999,-9999,18.08,93.21,-9999,-9999,-9999,-9999,-9999,-18.06,1.01,-9999
52448.00,266.00,979.77,8.45,99.13,17.98,92.62,42.80,-65.89,181.55,189.80,8.32,-17.96,0.82,-1.01
52448.25,266.25,-9999,-9999,-9999,17.88,92.03,-9999,-9999,-9999,-9999,-9999,-17.87,0.63,-9999
52448.50,266.50,980.44,8.37,98.94,17.78,91.46,42.80,-65.89,175.84,183.89,8.21,-17.78,0.45,-0.92
52448.75,266.75,-9999,-9999,-9999,17.69,90.89,-9999,-9999,-9999,-9999,-9999,-17.69,0.27,-9999
52449.00,267.00,981.08,8.27,98.73,17.60,90.33,42.80,-65.89,170.46,177.97,8.08,-17.60,0.10,-0.90
52449.25,267.25,-9999,-9999,-9999,17.51,89.77,-9999,-9999,-9999,-9999,-9999,-17.51,-0.07,-9999
52449.50,267.50,981.71,8.17,98.75,17.42,89.22,42.80,-65.89,165.19,172.00,7.99,-17.42,-0.24,-1.12
52449.75,267.75,-9999,-9999,-9999,17.34,88.67,-9999,-9999,-9999,-9999,-9999,-17.34,-0.40,-9999
52450.00,268.00,982.38,8.10,99.04,17.27,88.15,42.80,-65.89,159.54,166.09,7.96,-17.26,-0.56,-1.54
52450.25,268.25,-9999,-9999,-9999,17.20,87.67,-9999,-9999,-9999,-9999,-9999,-17.19,-0.70,-9999
52450.50,268.50,983.11,8.06,99.42,17.14,87.20,42.80,-65.89,153.41,160.27,7.97,-17.12,-0.84,-1.87
52450.75,268.75,-9999,-9999,-9999,17.09,86.77,-9999,-9999,-9999,-9999,-9999,-17.06,-0.96,-9999
52451.00,269.00,983.86,8.05,99.71,17.04,86.37,42.80,-65.89,147.10,154.53,8.01,-17.00,-1.08,-2.05
52451.25,269.25,-9999,-9999,-9999,16.99,86.00,-9999,-9999,-9999,-9999,-9999,-16.95,-1.19,-9999
52451.50,269.50,984.60,8.06,99.85,16.95,85.64,42.80,-65.89,140.83,148.80,8.04,-16.90,-1.29,-1.98
52451.75,269.75,-9999,-9999,-9999,16.90,85.31,-9999,-9999,-9999,-9999,-9999,-16.84,-1.38,-9999
52452.00,270.00,985.33,8.08,99.79,16.85,84.97,42.80,-65.89,134.74,143.01,8.05,-16.78,-1.48,-1.68
52452.25,270.25,-9999,-9999,-9999,16.79,84.64,-9999,-9999,-9999,-9999,-9999,-16.72,-1.57,-9999
52452.50,270.50,986.03,8.08,99.53,16.73,84.30,42.80,-65.89,128.91,137.18,8.01,-16.65,-1.66,-1.36
52452.75,270.75,-9999,-9999,-9999,16.66,83.94,-9999,-9999,-9999,-9999,-9999,-16.57,-1.76,-9999
52453.00,271.00,986.69,8.04,99.12,16.58,83.56,42.80,-65.89,123.30,131.29,7.91,-16.48,-1.86,-1.09
52453.25,271.25,-9999,-9999,-9999,16.49,83.15,-9999,-9999,-9999,-9999,-9999,-16.37,-1.97,-9999
52453.50,271.50,987.35,7.96,98.77,16.39,82.72,42.80,-65.89,117.84,125.31,7.78,-16.26,-2.08,-1.04
52453.75,271.75,-9999,-9999,-9999,16.29,82.25,-9999,-9999,-9999,-9999,-9999,-16.14,-2.20,-9999
52454.00,272.00,988.00,7.85,98.69,16.17,81.75,42.80,-65.89,112.35,119.40,7.66,-16.01,-2.32,-1.22
52454.25,272.25,-9999,-9999,-9999,16.05,81.23,-9999,-9999,-9999,-9999,-9999,-15.86,-2.45,-9999
52454.50,272.50,988.68,7.74,98.83,15.92,80.68,42.80,-65.89,106.66,113.68,7.57,-15.71,-2.58,-1.51
52454.75,272.75,-9999,-9999,-9999,15.79,80.12,-9999,-9999,-9999,-9999,-9999,-15.56,-2.71,-9999
52455.00,273.00,989.41,7.66,99.08,15.66,79.54,42.80,-65.89,100.64,107.97,7.53,-15.40,-2.84,-1.85
52455.25,273.25,-9999,-9999,-9999,15.52,78.97,-9999,-9999,-9999,-9999,-9999,-15.23,-2.97,-9999
52455.50,273.50,990.16,7.61,99.30,15.38,78.39,42.80,-65.90,94.36,102.07,7.51,-15.06,-3.09,-2.06
52455.75,273.75,-9999,-9999,-9999,15.24,77.82,-9999,-9999,-9999,-9999,-9999,-14.89,-3.21,-9999
52456.00,274.00,990.91,7.58,99.38,15.08,77.25,42.80,-65.90,88.13,96.08,7.49,-14.71,-3.33,-2.08
52456.25,274.25,-9999,-9999,-9999,14.93,76.68,-9999,-9999,-9999,-9999,-9999,-14.53,-3.44,-9999
52456.50,274.50,991.63,7.56,99.32,14.76,76.11,42.80,-65.90,82.11,90.08,7.46,-14.33,-3.54,-2.03
52456.75,274.75,-9999,-9999,-9999,14.58,75.53,-9999,-9999,-9999,-9999,-9999,-14.12,-3.64,-9999
52457.00,275.00,992.35,7.54,99.19,14.40,74.94,42.80,-65.90,76.12,84.01,7.42,-13.90,-3.74,-1.94
52457.25,275.25,-9999,-9999,-9999,14.20,74.36,-9999,-9999,-9999,-9999,-9999,-13.67,-3.83,-9999
52457.50,275.50,993.08,7.50,99.02,13.99,73.77,42.80,-65.90,70.08,77.87,7.36,-13.43,-3.91,-1.82
52457.75,275.75,-9999,-9999,-9999,13.76,73.17,-9999,-9999,-9999,-9999,-9999,-13.17,-3.98,-9999
52458.00,276.00,993.80,7.45,98.87,13.53,72.58,42.80,-65.90,64.11,71.65,7.29,-12.91,-4.05,-1.69
52458.25,276.25,-9999,-9999,-9999,13.29,71.98,-9999,-9999,-9999,-9999,-9999,-12.64,-4.11,-9999
52458.50,276.50,994.50,7.40,98.73,13.04,71.39,42.80,-65.90,58.26,65.92,7.22,-12.36,-4.16,-1.55
52458.75,276.75,-9999,-9999,-9999,12.80,70.79,-9999,-9999,-9999,-9999,-9999,-12.08,-4.21,-9999
52459.00,277.00,995.20,7.35,98.61,12.53,70.18,42.80,-65.90,52.48,60.25,7.15,-11.79,-4.25,-1.42
52459.25,277.25,-9999,-9999,-9999,12.26,69.57,-9999,-9999,-9999,-9999,-9999,-11.49,-4.28,-9999
52459.50,277.50,995.90,7.30,98.53,12.00,68.96,42.80,-65.90,46.72,54.71,7.09,-11.20,-4.31,-1.27
52459.75,277.75,-9999,-9999,-9999,11.77,68.35,-9999,-9999,-9999,-9999,-9999,-10.94,-4.34,-9999
52460.00,278.00,996.59,7.26,98.52,11.55,67.74,42.80,-65.90,41.01,48.90,7.04,-10.69,-4.37,-1.10
52460.25,278.25,-9999,-9999,-9999,11.35,67.11,-9999,-9999,-9999,-9999,-9999,-10.45,-4.41,-9999
52460.50,278.50,997.26,7.22,98.58,11.16,66.48,42.80,-65.90,35.42,43.14,7.02,-10.23,-4.45,-0.93
52460.75,278.75,-9999,-9999,-9999,10.96,65.86,-9999,-9999,-9999,-9999,-9999,-10.00,-4.48,-9999
52461.00,279.00,997.92,7.20,98.57,10.74,65.33,42.80,-65.90,29.97,37.28,6.99,-9.76,-4.48,-0.77
52461.25,279.25,-9999,-9999,-9999,10.47,64.97,-9999,-9999,-9999,-9999,-9999,-9.49,-4.43,-9999
52461.50,279.50,998.57,7.18,98.38,10.16,64.84,42.80,-65.90,24.61,31.31,6.95,-9.19,-4.32,-0.66
52461.75,279.75,-9999,-9999,-9999,9.79,64.94,-9999,-9999,-9999,-9999,-9999,-8.87,-4.15,-9999
52462.00,280.00,999.22,7.16,98.03,9.38,65.24,42.80,-65.90,19.27,25.88,6.87,-8.52,-3.93,-0.62
52462.25,280.25,-9999,-9999,-9999,8.96,65.68,-9999,-9999,-9999,-9999,-9999,-8.16,-3.69,-9999
52462.50,280.50,999.87,7.12,97.53,8.53,66.22,42.80,-65.90,13.90,20.42,6.76,-7.80,-3.44,-0.61
52462.75,280.75,-9999,-9999,-9999,8.10,66.84,-9999,-9999,-9999,-9999,-9999,-7.44,-3.18,-9999
52463.00,281.00,1000.53,7.06,96.96,-9999,-9999,-9999,-9999,8.49,-9999,6.62,-9999,-9999,-0.61
52463.25,281.25,-9999,-9999,-9999,-9999,-9999,-9999,-9999,-9999,-9999,-9999,-9999,-9999,-9999
52463.50,281.50,1001.56,7.04,96.68,-9999,-9999,-9999,-9999,0.00,-9999,6.55,-9999,-9999,-9999
