mdx/test/fixtures/IMPACTS_AVAPS_P3B_202202081429_R0.ict
104, 1001
Thornhill, Lee
NASA Langley
AVAPS NRD41
IMPACTS
1,1
2022, 02, 08, 2022, 02, 09
0.25
Time_Start, seconds, Time_Start, Starting time of the sampling period in UTC seconds from midnight
14
1, 1, 1, 1, 1, 1, 1, 1, 1, 1, 1, 1, 1, 1
-9999, -9999, -9999, -9999, -9999, -9999, -9999, -9999, -9999, -9999, -9999, -9999, -9999, -9999
TimeFLStart, seconds, None, Starting time of the sampling period from the launch
Pressure, mb, Met_StaticPressure_InSitu_None, Static air pressure
Temperature, deg C, Met_StaticAirTemperature_InSitu_None, Static air Temperature
RH, %, Met_RelativeHumidityWater_InSitu_None, Relative humidity over water
Speed, m/s, Met_WindSpeed_InSitu_None, Wind Speed
Direction, deg, Met_WindDirection_InSitu_None, Wind Direction
Latitude, deg, Platform_Latitude_InSitu_None, Sonde latitude
Longitude, deg, Platform_longitude_InSitu_None, Sonde longitude
Altitude, m, Platform_AltitudePressure_InSitu_None, Sonde pressure altitude
GPS Altitude, m, Platform_AltitudeMSL_InSitu_None, Sonde altitude over mean sea level
Dewpoint, deg C, Met_DewPoint_InSitu_None, Dew Point Temperature
Uwnd, m/s, Met_UWindSpeed_InSitu_None, East-West wind speed
Vwnd, m/s, Met_VWindSpeed_InSitu_None, North-South wind speed
Ascent, m/s, Met_WWindSpeed_InSitu_None, Vertical wind speed
54
Launch Time: 2022-02-08 14:29:42
QCSoftware: Aspen V3.4.6
ChuteArea: 400
DragCoef: 0.61
DropSondeMass: 158
DropSondeHitSfc: 1
GPSAltBuddySlope: 50
GPSAltQCDev: 50
GPSAltQCWL: 10
GPSPosBuddySlope: 0.005
GPSPosQCDev: 0.01
GPSPosQCWL: 30
PosInterpSpan: 60
PresBuddySlope: 2
PresEquilTime: 4.01
PresOffset: 0
PresOutlier: 10
PresQCDev: 3
PresQCWL: 10
PresSmoothWL: 5
RHBuddySlope: 20
RHEquilTime: 12.30
RHEquilTimeOverride: 0
RHOffset: 0
RHOutlier: 10
RHQCDev: 3
RHQCWL: 10
RHSmoothWL: 5
RHThreshold: 0
RHchoice: 0
Sonde Serial Number: 190550187
TdryBuddySlope: 3
TdryDynCor: 1
TdryDynCorWL: 20
TdryEquilTime: 4.01
TdryEquilTimeOverride: 0
TdryOffset: 0
TdryOutlier: 10
TdryOutlier: 10
TdryQCWL: 10
TdrySmoothWL: 5
WindBuddySlope: 10
WindDynCor: 1
WindDynCorWL: 10
WindEquilTime: 10
WindErrorHigh: 1.5
WindErrorLow: 0.8
WindOutlier: 999
WindQCDev: 999
WindQCWL: 30
WindSats: 6
WindSmoothWL: 10
WindVVPresWL: 5
WindVVdelta: 2.5
22
PI_CONTACT_INFO: kenneth.l.thornhill@nasa.gov
PLATFORM:P3B, N426NA
LOCATION: Launch latitude, longitude, and elevation data are included in the corresponding "MetNav" files.
ASSOCIATED_DATA: N/A
INSTRUMENT_INFO: AVAPS NRD41, Serial Number: 190550187
DATA_INFO: 4 Hz data at a constant 0.25 second interval for winds; 2 Hz, 0.5 second interval for thermodynamics
UNCERTAINTY: xRD41 sensor specification:  
        Pressure: ±0.5hPa
        Temperature: ±0.2C 
        Humidity: ±3% 
        Horiz Winds: ±0.5m/s
ULOD_FLAG: -77777
ULOD_VALUE: N/A
LLOD_FLAG: -88888
LLOD_VALUE: N/A
DM_CONTACT_INFO: Claire Robinson, claire.e.robinson@nasa.gov
PROJECT_INFO: IMPACTS
OTHER_COMMENTS: N/A
STIPULATIONS_ON_USE: Users are strongly encouraged to consult with the PI for proper data use.
REVISION: R0
R0: FINAL Data
Time_Start,TimeFLStart,Pressure,Temperature,RH,Speed,Direction,Latitude,Longitude,Altitude,GPS Altitude,Dewpoint,Uwnd,Vwnd,Ascent
[from data line 500]
52307.00,125.00,791.73,3.43,99.02,10.22,126.35,42.80,-65.88,1937.31,1945.11,3.29,-8.23,6.06,-2.25
52307.25,125.25,-9999,-9999,-9999,10.21,125.93,-9999,-9999,-9999,-9999,-9999,-8.27,5.99,-9999
52307.50,125.50,792.39,3.46,99.16,10.20,125.52,42.80,-65.88,1930.50,1938.28,3.34,-8.31,5.93,-2.28
52307.75,125.75,-9999,-9999,-9999,10.19,125.11,-9999,-9999,-9999,-9999,-9999,-8.34,5.86,-9999
52308.00,126.00,793.06,3.49,99.21,10.18,124.70,42.80,-65.88,1923.64,1931.41,3.38,-8.37,5.80,-2.26
52308.25,126.25,-9999,-9999,-9999,10.17,124.29,-9999,-9999,-9999,-9999,-9999,-8.41,5.73,-9999
52308.50,126.50,793.73,3.53,99.18,10.16,123.86,42.80,-65.88,1916.81,1924.67,3.41,-8.44,5.66,-2.20
52308.75,126.75,-9999,-9999,-9999,10.14,123.43,-9999,-9999,-9999,-9999,-9999,-8.47,5.59,-9999
52309.00,127.00,794.38,3.56,99.07,10.13,122.97,42.80,-65.88,1910.12,1917.99,3.43,-8.50,5.51,-2.09
52309.25,127.25,-9999,-9999,-9999,10.10,122.48,-9999,-9999,-9999,-9999,-9999,-8.52,5.43,-9999
52309.50,127.50,795.03,3.60,98.91,10.08,121.98,42.80,-65.88,1903.54,1911.29,3.44,-8.55,5.34,-2.05
52309.75,127.75,-9999,-9999,-9999,10.05,121.43,-9999,-9999,-9999,-9999,-9999,-8.57,5.24,-9999
52310.00,128.00,795.67,3.63,98.73,10.02,120.87,42.80,-65.88,1896.96,1904.65,3.45,-8.60,5.14,-2.08
52310.25,128.25,-9999,-9999,-9999,9.98,120.27,-9999,-9999,-9999,-9999,-9999,-8.62,5.03,-9999
52310.50,128.50,796.32,3.66,98.58,9.94,119.66,42.80,-65.88,1890.30,1897.97,3.45,-8.64,4.92,-2.15
52310.75,128.75,-9999,-9999,-9999,9.89,119.02,-9999,-9999,-9999,-9999,-9999,-8.65,4.80,-9999
52311.00,129.00,796.98,3.68,98.45,9.84,118.36,42.80,-65.88,1883.54,1891.24,3.46,-8.66,4.68,-2.23
52311.25,129.25,-9999,-9999,-9999,9.79,117.69,-9999,-9999,-9999,-9999,-9999,-8.67,4.55,-9999
52311.50,129.50,797.65,3.69,98.34,9.74,117.01,42.80,-65.88,1876.71,1884.51,3.46,-8.68,4.42,-2.25
52311.75,129.75,-9999,-9999,-9999,9.69,116.33,-9999,-9999,-9999,-9999,-9999,-8.68,4.30,-9999
52312.00,130.00,798.32,3.71,98.25,9.64,115.63,42.80,-65.88,1869.92,1877.78,3.46,-8.69,4.17,-2.19
52312.25,130.25,-9999,-9999,-9999,9.58,114.94,-9999,-9999,-9999,-9999,-9999,-8.69,4.04,-9999
52312.50,130.50,798.98,3.72,98.15,9.53,114.26,42.80,-65.88,1863.21,1871.13,3.46,-8.69,3.92,-2.11
52312.75,130.75,-9999,-9999,-9999,9.48,113.59,-9999,-9999,-9999,-9999,-9999,-8.69,3.79,-9999
52313.00,131.00,799.63,3.74,98.01,9.43,112.93,42.80,-65.88,1856.62,1864.54,3.46,-8.69,3.68,-2.03
52313.25,131.25,-9999,-9999,-9999,9.39,112.30,-9999,-9999,-9999,-9999,-9999,-8.68,3.56,-9999
52313.50,131.50,800.27,3.76,97.85,9.34,111.70,42.80,-65.88,1850.09,1857.93,3.45,-8.67,3.45,-2.01
52313.75,131.75,-9999,-9999,-9999,9.29,111.14,-9999,-9999,-9999,-9999,-9999,-8.66,3.35,-9999
52314.00,132.00,800.92,3.78,97.68,9.23,110.61,42.80,-65.88,1843.50,1851.42,3.45,-8.64,3.25,-2.05
52314.25,132.25,-9999,-9999,-9999,9.18,110.13,-9999,-9999,-9999,-9999,-9999,-8.62,3.16,-9999
52314.50,132.50,801.57,3.78,97.58,9.12,109.69,42.80,-65.88,1836.82,1844.87,3.43,-8.59,3.07,-2.07
52314.75,132.75,-9999,-9999,-9999,9.06,109.30,-9999,-9999,-9999,-9999,-9999,-8.55,2.99,-9999
52315.00,133.00,802.24,3.77,97.58,8.99,108.94,42.80,-65.88,1830.11,1838.27,3.42,-8.51,2.92,-2.06
52315.25,133.25,-9999,-9999,-9999,8.92,108.61,-9999,-9999,-9999,-9999,-9999,-8.45,2.85,-9999
52315.50,133.50,802.89,3.73,97.71,8.84,108.31,42.80,-65.88,1823.44,1831.67,3.41,-8.40,2.78,-2.00
52315.75,133.75,-9999,-9999,-9999,8.76,108.03,-9999,-9999,-9999,-9999,-9999,-8.33,2.71,-9999
52316.00,134.00,803.54,3.69,97.96,8.68,107.75,42.80,-65.88,1816.85,1825.08,3.40,-8.27,2.65,-1.89
52316.25,134.25,-9999,-9999,-9999,8.59,107.48,-9999,-9999,-9999,-9999,-9999,-8.20,2.58,-9999
52316.50,134.50,804.19,3.63,98.27,8.50,107.20,42.80,-65.88,1810.37,1818.49,3.39,-8.12,2.52,-1.79
52316.75,134.75,-9999,-9999,-9999,8.41,106.91,-9999,-9999,-9999,-9999,-9999,-8.05,2.45,-9999
52317.00,135.00,804.82,3.58,98.56,8.33,106.60,42.80,-65.88,1803.92,1811.91,3.38,-7.98,2.38,-1.73
52317.25,135.25,-9999,-9999,-9999,8.24,106.27,-9999,-9999,-9999,-9999,-9999,-7.91,2.31,-9999
52317.50,135.50,805.46,3.54,98.80,8.15,105.91,42.80,-65.88,1797.49,1805.32,3.37,-7.84,2.23,-1.72
52317.75,135.75,-9999,-9999,-9999,8.07,105.52,-9999,-9999,-9999,-9999,-9999,-7.77,2.16,-9999
52318.00,136.00,806.10,3.52,98.96,7.99,105.10,42.80,-65.88,1791.05,1798.77,3.37,-7.71,2.08,-1.76
52318.25,136.25,-9999,-9999,-9999,7.91,104.66,-9999,-9999,-9999,-9999,-9999,-7.66,2.00,-9999
52318.50,136.50,806.74,3.51,99.01,-9999,-9999,-9999,-9999,1784.60,-9999,3.37,-9999,-9999,-1.83
52318.75,136.75,-9999,-9999,-9999,7.78,103.73,-9999,-9999,-9999,-9999,-9999,-7.56,1.85,-9999
52319.00,137.00,807.39,3.51,98.97,7.73,103.25,42.80,-65.88,1778.07,1785.76,3.37,-7.52,1.77,-1.91
52319.25,137.25,-9999,-9999,-9999,7.68,102.76,-9999,-9999,-9999,-9999,-9999,-7.49,1.70,-9999
52319.50,137.50,808.04,3.53,98.85,7.63,102.27,42.80,-65.88,1771.45,1779.27,3.37,-7.46,1.62,-1.95
52319.75,137.75,-9999,-9999,-9999,7.60,101.80,-9999,-9999,-9999,-9999,-9999,-7.44,1.55,-9999
52320.00,138.00,808.70,3.55,98.70,7.57,101.33,42.80,-65.88,1764.83,1772.82,3.36,-7.42,1.49,-1.92
52320.25,138.25,-9999,-9999,-9999,7.55,100.87,-9999,-9999,-9999,-9999,-9999,-7.41,1.42,-9999
52320.50,138.50,809.35,3.57,98.55,7.53,100.41,42.80,-65.88,1758.30,1766.36,3.36,-7.40,1.36,-1.86
52320.75,138.75,-9999,-9999,-9999,7.51,99.97,-9999,-9999,-9999,-9999,-9999,-7.40,1.30,-9999
52321.00,139.00,810.00,3.59,98.42,7.50,99.55,42.80,-65.88,1751.84,1759.87,3.36,-7.40,1.24,-1.79
52321.25,139.25,-9999,-9999,-9999,7.49,99.13,-9999,-9999,-9999,-9999,-9999,-7.40,1.19,-9999
52321.50,139.50,810.63,3.61,98.32,7.49,98.72,42.80,-65.88,1745.43,1753.43,3.37,-7.40,1.14,-1.74
52321.75,139.75,-9999,-9999,-9999,7.49,98.32,-9999,-9999,-9999,-9999,-9999,-7.41,1.08,-9999
52322.00,140.00,811.27,3.64,98.21,7.49,97.93,42.80,-65.88,1739.02,1746.96,3.39,-7.41,1.03,-1.74
52322.25,140.25,-9999,-9999,-9999,7.49,97.56,-9999,-9999,-9999,-9999,-9999,-7.42,0.98,-9999
52322.50,140.50,811.92,3.68,98.06,7.49,97.19,42.80,-65.88,1732.56,1740.51,3.41,-7.43,0.94,-1.75
52322.75,140.75,-9999,-9999,-9999,7.49,96.83,-9999,-9999,-9999,-9999,-9999,-7.44,0.89,-9999
52323.00,141.00,812.57,3.73,97.85,7.49,96.49,42.80,-65.88,1726.08,1734.08,3.42,-7.44,0.85,-1.75
52323.25,141.25,-9999,-9999,-9999,7.49,96.15,-9999,-9999,-9999,-9999,-9999,-7.45,0.80,-9999
52323.50,141.50,813.21,3.77,97.58,7.49,95.83,42.80,-65.88,1719.61,1727.68,3.42,-7.45,0.76,-1.74
52323.75,141.75,-9999,-9999,-9999,7.49,95.52,-9999,-9999,-9999,-9999,-9999,-7.45,0.72,-9999
52324.00,142.00,813.86,3.80,97.28,7.48,95.23,42.80,-65.88,1713.17,1721.21,3.41,-7.45,0.68,-1.73
52324.25,142.25,-9999,-9999,-9999,7.47,94.95,-9999,-9999,-9999,-9999,-9999,-7.44,0.64,-9999
52324.50,142.50,814.50,3.82,96.98,7.46,94.70,42.80,-65.88,1706.78,1714.72,3.39,-7.43,0.61,-1.73
52324.75,142.75,-9999,-9999,-9999,7.44,94.46,-9999,-9999,-9999,-9999,-9999,-7.41,0.58,-9999
52325.00,143.00,815.14,3.83,96.74,7.41,94.26,42.80,-65.88,1700.38,1708.26,3.36,-7.39,0.55,-1.77
52325.25,143.25,-9999,-9999,-9999,7.38,94.08,-9999,-9999,-9999,-9999,-9999,-7.37,0.52,-9999
52325.50,143.50,815.79,3.83,96.60,7.35,93.92,42.80,-65.88,1693.91,1701.88,3.34,-7.33,0.50,-1.83
52325.75,143.75,-9999,-9999,-9999,7.31,93.80,-9999,-9999,-9999,-9999,-9999,-7.29,0.48,-9999
52326.00,144.00,816.44,3.82,96.54,7.27,93.71,42.80,-65.88,1687.39,1695.45,3.32,-7.25,0.47,-1.86
52326.25,144.25,-9999,-9999,-9999,7.21,93.64,-9999,-9999,-9999,-9999,-9999,-7.20,0.46,-9999
52326.50,144.50,817.09,3.82,96.51,-9999,-9999,-9999,-9999,1680.88,-9999,3.32,-9999,-9999,-1.89
52326.75,144.75,-9999,-9999,-9999,7.09,93.57,-9999,-9999,-9999,-9999,-9999,-7.08,0.44,-9999
52327.00,145.00,817.75,3.84,96.46,7.02,93.57,42.80,-65.88,1674.38,1682.65,3.33,-7.01,0.44,-1.90
52327.25,145.25,-9999,-9999,-9999,6.95,93.59,-9999,-9999,-9999,-9999,-9999,-6.93,0.44,-9999
52327.50,145.50,818.40,3.86,96.35,6.86,93.63,42.80,-65.88,1667.87,1676.19,3.33,-6.85,0.43,-1.90
52327.75,145.75,-9999,-9999,-9999,6.77,93.68,-9999,-9999,-9999,-9999,-9999,-6.76,0.43,-9999
52328.00,146.00,819.06,3.88,96.19,6.67,93.73,42.80,-65.88,1661.36,1669.59,3.34,-6.66,0.43,-1.91
52328.25,146.25,-9999,-9999,-9999,6.57,93.80,-9999,-9999,-9999,-9999,-9999,-6.55,0.43,-9999
52328.50,146.50,819.71,3.91,96.02,6.45,93.86,42.80,-65.88,1654.88,1663.02,3.34,-6.44,0.43,-1.93
52328.75,146.75,-9999,-9999,-9999,6.33,93.92,-9999,-9999,-9999,-9999,-9999,-6.32,0.43,-9999
52329.00,147.00,820.36,3.94,95.87,6.21,93.98,42.80,-65.88,1648.40,1656.45,3.34,-6.19,0.43,-1.99
52329.25,147.25,-9999,-9999,-9999,6.08,94.02,-9999,-9999,-9999,-9999,-9999,-6.06,0.43,-9999
52329.50,147.50,821.02,3.97,95.70,5.94,94.04,42.80,-65.88,1641.85,1649.85,3.35,-5.93,0.42,-2.06
52329.75,147.75,-9999,-9999,-9999,5.81,94.04,-9999,-9999,-9999,-9999,-9999,-5.79,0.41,-9999
52330.00,148.00,821.69,3.99,95.51,5.67,94.00,42.80,-65.88,1635.23,1643.26,3.34,-5.66,0.40,-2.10
52330.25,148.25,-9999,-9999,-9999,5.54,93.92,-9999,-9999,-9999,-9999,-9999,-5.52,0.38,-9999
52330.50,148.50,822.36,4.00,95.30,5.40,93.79,42.80,-65.88,1628.58,1636.71,3.32,-5.39,0.36,-2.10
52330.75,148.75,-9999,-9999,-9999,5.27,93.59,-9999,-9999,-9999,-9999,-9999,-5.26,0.33,-9999
52331.00,149.00,823.03,3.99,95.10,5.15,93.32,42.80,-65.88,1621.96,1630.24,3.28,-5.14,0.30,-2.07
52331.25,149.25,-9999,-9999,-9999,5.03,92.97,-9999,-9999,-9999,-9999,-9999,-5.02,0.26,-9999
52331.50,149.50,823.69,3.98,94.90,4.91,92.53,42.80,-65.88,1615.42,1623.71,3.24,-4.91,0.22,-2.01
52331.75,149.75,-9999,-9999,-9999,4.80,91.99,-9999,-9999,-9999,-9999,-9999,-4.80,0.17,-9999
52332.00,150.00,824.35,3.96,94.72,4.70,91.35,42.80,-65.88,1608.95,1617.22,3.19,-4.70,0.11,-1.98
52332.25,150.25,-9999,-9999,-9999,4.61,90.61,-9999,-9999,-9999,-9999,-9999,-4.61,0.05,-9999
52332.50,150.50,825.00,3.95,94.53,4.53,89.76,42.80,-65.88,1602.47,1610.72,3.15,-4.53,-0.02,-2.00
52332.75,150.75,-9999,-9999,-9999,4.46,88.83,-9999,-9999,-9999,-9999,-9999,-4.46,-0.09,-9999
52333.00,151.00,825.66,3.96,94.30,4.39,87.81,42.80,-65.88,1595.94,1604.21,3.13,-4.39,-0.17,-2.04
52333.25,151.25,-9999,-9999,-9999,4.34,86.72,-9999,-9999,-9999,-9999,-9999,-4.33,-0.25,-9999
52333.50,151.50,826.33,3.97,93.99,4.29,85.57,42.80,-65.88,1589.35,1597.67,3.10,-4.28,-0.33,-2.09
52333.75,151.75,-9999,-9999,-9999,4.26,84.38,-9999,-9999,-9999,-9999,-9999,-4.24,-0.42,-9999
52334.00,152.00,827.00,4.00,93.60,4.23,83.17,42.80,-65.88,1582.74,1591.07,3.07,-4.20,-0.50,-2.10
52334.25,152.25,-9999,-9999,-9999,4.21,81.96,-9999,-9999,-9999,-9999,-9999,-4.17,-0.59,-9999
52334.50,152.50,827.67,4.04,93.16,4.20,80.75,42.80,-65.88,1576.15,1584.50,3.04,-4.14,-0.67,-2.07
52334.75,152.75,-9999,-9999,-9999,4.19,79.57,-9999,-9999,-9999,-9999,-9999,-4.12,-0.76,-9999
52335.00,153.00,828.34,4.08,92.71,4.18,78.41,42.80,-65.88,1569.63,1577.96,3.01,-4.10,-0.84,-2.01
52335.25,153.25,-9999,-9999,-9999,4.18,77.29,-9999,-9999,-9999,-9999,-9999,-4.07,-0.92,-9999
52335.50,153.50,829.00,4.13,92.30,4.18,76.21,42.80,-65.88,1563.12,1571.42,3.00,-4.06,-1.00,-1.94
52335.75,153.75,-9999,-9999,-9999,4.18,75.18,-9999,-9999,-9999,-9999,-9999,-4.04,-1.07,-9999
52336.00,154.00,829.66,4.18,91.98,4.17,74.20,42.80,-65.88,1556.62,1564.91,3.00,-4.02,-1.14,-1.86
52336.25,154.25,-9999,-9999,-9999,4.17,73.26,-9999,-9999,-9999,-9999,-9999,-4.00,-1.20,-9999
52336.50,154.50,830.32,4.23,91.73,4.17,72.36,42.80,-65.88,1550.18,1558.42,3.01,-3.98,-1.27,-1.78
52336.75,154.75,-9999,-9999,-9999,4.17,71.49,-9999,-9999,-9999,-9999,-9999,-3.96,-1.32,-9999
52337.00,155.00,830.97,4.27,91.51,4.17,70.65,42.80,-65.88,1543.81,1551.90,3.02,-3.94,-1.38,-1.75
52337.25,155.25,-9999,-9999,-9999,4.17,69.82,-9999,-9999,-9999,-9999,-9999,-3.91,-1.44,-9999
52337.50,155.50,831.61,4.31,91.34,4.16,69.01,42.80,-65.88,1537.47,1545.45,3.03,-3.89,-1.49,-1.77
52337.75,155.75,-9999,-9999,-9999,4.16,68.19,-9999,-9999,-9999,-9999,-9999,-3.86,-1.54,-9999
52338.00,156.00,832.26,4.35,91.28,4.15,67.37,42.80,-65.88,1531.12,1539.04,3.06,-3.83,-1.60,-1.83
52338.25,156.25,-9999,-9999,-9999,4.13,66.52,-9999,-9999,-9999,-9999,-9999,-3.79,-1.65,-9999
52338.50,156.50,832.92,4.38,91.43,4.12,65.64,42.80,-65.88,1524.68,1532.68,3.11,-3.75,-1.70,-1.93
52338.75,156.75,-9999,-9999,-9999,4.10,64.74,-9999,-9999,-9999,-9999,-9999,-3.71,-1.75,-9999
52339.00,157.00,833.59,4.41,91.88,4.08,63.79,42.80,-65.88,1518.12,1526.32,3.22,-3.66,-1.80,-1.98
52339.25,157.25,-9999,-9999,-9999,4.06,62.80,-9999,-9999,-9999,-9999,-9999,-3.61,-1.86,-9999
52339.50,157.50,834.26,4.45,92.59,4.03,61.75,42.80,-65.88,1511.57,1519.93,3.35,-3.55,-1.91,-1.95
52339.75,157.75,-9999,-9999,-9999,4.00,60.67,-9999,-9999,-9999,-9999,-9999,-3.49,-1.96,-9999
52340.00,158.00,834.92,4.48,93.25,3.97,59.52,42.80,-65.88,1505.09,1513.51,3.49,-3.42,-2.01,-1.86
52340.25,158.25,-9999,-9999,-9999,3.93,58.33,-9999,-9999,-9999,-9999,-9999,-3.35,-2.07,-9999
52340.50,158.50,835.58,4.51,93.63,3.90,57.10,42.80,-65.88,1498.67,1507.11,3.57,-3.27,-2.12,-1.71
52340.75,158.75,-9999,-9999,-9999,3.86,55.81,-9999,-9999,-9999,-9999,-9999,-3.19,-2.17,-9999
52341.00,159.00,836.23,4.54,93.69,3.82,54.51,42.80,-65.88,1492.29,1500.71,3.62,-3.11,-2.22,-1.56
52341.25,159.25,-9999,-9999,-9999,3.78,53.18,-9999,-9999,-9999,-9999,-9999,-3.03,-2.27,-9999
52341.50,159.50,836.87,4.57,93.45,3.75,51.85,42.80,-65.88,1486.04,1494.28,3.61,-2.95,-2.31,-1.47
52341.75,159.75,-9999,-9999,-9999,3.71,50.51,-9999,-9999,-9999,-9999,-9999,-2.86,-2.36,-9999
52342.00,160.00,837.50,4.60,93.05,3.68,49.21,42.80,-65.88,1479.94,1487.79,3.58,-2.78,-2.40,-1.52
52342.25,160.25,-9999,-9999,-9999,3.64,47.92,-9999,-9999,-9999,-9999,-9999,-2.70,-2.44,-9999
52342.50,160.50,838.13,4.63,92.61,3.61,46.72,42.80,-65.88,1473.80,1481.30,3.54,-2.63,-2.48,-1.79
52342.75,160.75,-9999,-9999,-9999,3.58,45.60,-9999,-9999,-9999,-9999,-9999,-2.56,-2.51,-9999
52343.00,161.00,838.78,4.66,92.19,3.56,44.60,42.80,-65.88,1467.44,1474.76,3.50,-2.50,-2.54,-2.15
52343.25,161.25,-9999,-9999,-9999,3.54,43.74,-9999,-9999,-9999,-9999,-9999,-2.45,-2.56,-9999
52343.50,161.50,839.47,4.70,91.81,3.52,43.03,42.80,-65.88,1460.75,1468.12,3.48,-2.41,-2.58,-2.52
52343.75,161.75,-9999,-9999,-9999,3.51,42.51,-9999,-9999,-9999,-9999,-9999,-2.37,-2.59,-9999
52344.00,162.00,840.20,4.74,91.48,3.51,42.15,42.80,-65.88,1453.73,1461.53,3.48,-2.35,-2.60,-2.71
52344.25,162.25,-9999,-9999,-9999,3.50,41.99,-9999,-9999,-9999,-9999,-9999,-2.34,-2.60,-9999
52344.50,162.50,840.92,4.78,91.23,3.50,41.97,42.80,-65.88,1446.67,1454.97,3.48,-2.34,-2.60,-2.58
52344.75,162.75,-9999,-9999,-9999,3.50,42.11,-9999,-9999,-9999,-9999,-9999,-2.35,-2.60,-9999
52345.00,163.00,841.62,4.83,91.07,3.51,42.37,42.80,-65.88,1439.89,1448.44,3.50,-2.37,-2.59,-2.24
52345.25,163.25,-9999,-9999,-9999,3.52,42.73,-9999,-9999,-9999,-9999,-9999,-2.39,-2.59,-9999
52345.50,163.50,842.29,4.87,90.98,3.54,43.18,42.80,-65.88,1433.39,1441.96,3.52,-2.42,-2.58,-1.79
52345.75,163.75,-9999,-9999,-9999,3.55,43.70,-9999,-9999,-9999,-9999,-9999,-2.46,-2.57,-9999
52346.00,164.00,842.93,4.91,90.97,3.58,44.28,42.80,-65.88,1427.15,1435.49,3.56,-2.50,-2.56,-1.43
52346.25,164.25,-9999,-9999,-9999,3.60,44.90,-9999,-9999,-9999,-9999,-9999,-2.54,-2.55,-9999
52346.50,164.50,843.55,4.94,91.05,3.63,45.56,42.80,-65.89,1421.16,1428.92,3.61,-2.59,-2.54,-1.34
52346.75,164.75,-9999,-9999,-9999,3.67,46.25,-9999,-9999,-9999,-9999,-9999,-2.65,-2.54,-9999
52347.00,165.00,844.15,4.98,91.17,3.70,46.95,42.80,-65.89,1415.34,1422.38,3.67,-2.71,-2.53,-1.54
52347.25,165.25,-9999,-9999,-9999,3.74,47.66,-9999,-9999,-9999,-9999,-9999,-2.76,-2.52,-9999
52347.50,165.50,844.79,5.02,91.23,3.78,48.36,42.80,-65.89,1409.21,1415.89,3.72,-2.82,-2.51,-2.03
52347.75,165.75,-9999,-9999,-9999,3.81,49.04,-9999,-9999,-9999,-9999,-9999,-2.88,-2.50,-9999
52348.00,166.00,845.50,5.07,91.20,3.84,49.68,42.80,-65.89,1402.35,1409.47,3.76,-2.93,-2.49,-2.56
52348.25,166.25,-9999,-9999,-9999,3.86,50.27,-9999,-9999,-9999,-9999,-9999,-2.97,-2.47,-9999
52348.50,166.50,846.24,5.12,91.14,3.88,50.83,42.80,-65.89,1395.13,1403.01,3.80,-3.01,-2.45,-2.78
