mdx/test/fixtures/IMPACTS_AVAPS_P3B_202202081429_R0.ict
104, 1001
Thornhill, Lee
NASA Langley
AVAPS NRD41
IMPACTS
1,1
2022, 02, 08, 2022, 02, 09
0.25
Time_Start, seconds, Time_Start, Starting time of the sampling period in UTC seconds from midnight
14
1, 1, 1, 1, 1, 1, 1, 1, 1, 1, 1, 1, 1, 1
-9999, -9999, -9999, -9999, -9999, -9999, -9999, -9999, -9999, -9999, -9999, -9999, -9999, -9999
TimeFLStart, seconds, None, Starting time of the sampling period from the launch
Pressure, mb, Met_StaticPressure_InSitu_None, Static air pressure
Temperature, deg C, Met_StaticAirTemperature_InSitu_None, Static air Temperature
RH, %, Met_RelativeHumidityWater_InSitu_None, Relative humidity over water
Speed, m/s, Met_WindSpeed_InSitu_None, Wind Speed
Direction, deg, Met_WindDirection_InSitu_None, Wind Direction
Latitude, deg, Platform_Latitude_InSitu_None, Sonde latitude
Longitude, deg, Platform_longitude_InSitu_None, Sonde longitude
Altitude, m, Platform_AltitudePressure_InSitu_None, Sonde pressure altitude
GPS Altitude, m, Platform_AltitudeMSL_InSitu_None, Sonde altitude over mean sea level
Dewpoint, deg C, Met_DewPoint_InSitu_None, Dew Point Temperature
Uwnd, m/s, Met_UWindSpeed_InSitu_None, East-West wind speed
Vwnd, m/s, Met_VWindSpeed_InSitu_None, North-South wind speed
Ascent, m/s, Met_WWindSpeed_InSitu_None, Vertical wind speed
54
Launch Time: 2022-02-08 14:29:42
QCSoftware: Aspen V3.4.6
ChuteArea: 400
DragCoef: 0.61
DropSondeMass: 158
DropSondeHitSfc: 1
GPSAltBuddySlope: 50
GPSAltQCDev: 50
GPSAltQCWL: 10
GPSPosBuddySlope: 0.005
GPSPosQCDev: 0.01
GPSPosQCWL: 30
PosInterpSpan: 60
PresBuddySlope: 2
PresEquilTime: 4.01
PresOffset: 0
PresOutlier: 10
PresQCDev: 3
PresQCWL: 10
PresSmoothWL: 5
RHBuddySlope: 20
RHEquilTime: 12.30
RHEquilTimeOverride: 0
RHOffset: 0
RHOutlier: 10
RHQCDev: 3
RHQCWL: 10
RHSmoothWL: 5
RHThreshold: 0
RHchoice: 0
Sonde Serial Number: 190550187
TdryBuddySlope: 3
TdryDynCor: 1
TdryDynCorWL: 20
TdryEquilTime: 4.01
TdryEquilTimeOverride: 0
TdryOffset: 0
TdryOutlier: 10
TdryOutlier: 10
TdryQCWL: 10
TdrySmoothWL: 5
WindBuddySlope: 10
WindDynCor: 1
WindDynCorWL: 10
WindEquilTime: 10
WindErrorHigh: 1.5
WindErrorLow: 0.8
WindOutlier: 999
WindQCDev: 999
WindQCWL: 30
WindSats: 6
WindSmoothWL: 10
WindVVPresWL: 5
WindVVdelta: 2.5
22
PI_CONTACT_INFO: kenneth.l.thornhill@nasa.gov
PLATFORM:P3B, N426NA
LOCATION: Launch latitude, longitude, and elevation data are included in the corresponding "MetNav" files.
ASSOCIATED_DATA: N/A
INSTRUMENT_INFO: AVAPS NRD41, Serial Number: 190550187
DATA_INFO: 4 Hz data at a constant 0.25 second interval for winds; 2 Hz, 0.5 second interval for thermodynamics
UNCERTAINTY: xRD41 sensor specification:  
        Pressure: ±0.5hPa
        Temperature: ±0.2C 
        Humidity: ±3% 
        Horiz Winds: ±0.5m/s
ULOD_FLAG: -77777
ULOD_VALUE: N/A
LLOD_FLAG: -88888
LLOD_VALUE: N/A
DM_CONTACT_INFO: Claire Robinson, claire.e.robinson@nasa.gov
PROJECT_INFO: IMPACTS
OTHER_COMMENTS: N/A
STIPULATIONS_ON_USE: Users are strongly encouraged to consult with the PI for proper data use.
REVISION: R0
R0: FINAL Data
Time_Start,TimeFLStart,Pressure,Temperature,RH,Speed,Direction,Latitude,Longitude,Altitude,GPS Altitude,Dewpoint,Uwnd,Vwnd,Ascent
52182.00,0.00,-9999,-9999,-9999,-9999,-9999,42.78,-65.89,-9999,3651.97,-9999,-9999,-9999,-9999
52182.25,0.25,-9999,-9999,-9999,-9999,-9999,-9999,-9999,-9999,-9999,-9999,-9999,-9999,-9999
52182.50,0.50,-9999,-9999,-9999,-9999,-9999,42.78,-65.89,-9999,3652.91,-9999,-9999,-9999,-9999
52182.75,0.75,-9999,-9999,-9999,-9999,-9999,-9999,-9999,-9999,-9999,-9999,-9999,-9999,-9999
52183.00,1.00,-9999,-9999,-9999,-9999,-9999,42.78,-65.89,-9999,3655.70,-9999,-9999,-9999,-9999
52183.25,1.25,-9999,-9999,-9999,-9999,-9999,-9999,-9999,-9999,-9999,-9999,-9999,-9999,-9999
52183.50,1.50,-9999,-9999,-9999,-9999,-9999,42.78,-65.89,-9999,3655.73,-9999,-9999,-9999,-9999
52183.75,1.75,-9999,-9999,-9999,-9999,-9999,-9999,-9999,-9999,-9999,-9999,-9999,-9999,-9999
52184.00,2.00,-9999,-9999,-9999,-9999,-9999,42.78,-65.89,-9999,3655.76,-9999,-9999,-9999,-9999
52184.25,2.25,-9999,-9999,-9999,-9999,-9999,-9999,-9999,-9999,-9999,-9999,-9999,-9999,-9999
52184.50,2.50,-9999,-9999,-9999,-9999,-9999,-9999,-9999,-9999,-9999,-9999,-9999,-9999,-9999
52184.75,2.75,-9999,-9999,-9999,-9999,-9999,-9999,-9999,-9999,-9999,-9999,-9999,-9999,-9999
52185.00,3.00,-9999,-9999,-9999,-9999,-9999,-9999,-9999,-9999,-9999,-9999,-9999,-9999,-9999
52185.25,3.25,-9999,-9999,-9999,-9999,-9999,-9999,-9999,-9999,-9999,-9999,-9999,-9999,-9999
52185.50,3.50,-9999,-9999,-9999,-9999,-9999,-9999,-9999,-9999,-9999,-9999,-9999,-9999,-9999
52185.75,3.75,-9999,-9999,-9999,-9999,-9999,-9999,-9999,-9999,-9999,-9999,-9999,-9999,-9999
52186.00,4.00,-9999,-9999,-9999,-9999,-9999,-9999,-9999,-9999,-9999,-9999,-9999,-9999,-9999
52186.25,4.25,-9999,-9999,-9999,-9999,-9999,-9999,-9999,-9999,-9999,-9999,-9999,-9999,-9999
52186.50,4.50,644.16,-1.93,-9999,-9999,-9999,-9999,-9999,3590.15,-9999,-9999,-9999,-9999,0.42
52186.75,4.75,-9999,-9999,-9999,-9999,-9999,-9999,-9999,-9999,-9999,-9999,-9999,-9999,-9999
52187.00,5.00,644.68,-2.36,-9999,-9999,-9999,-9999,-9999,3583.65,-9999,-9999,-9999,-9999,-0.39
52187.25,5.25,-9999,-9999,-9999,-9999,-9999,-9999,-9999,-9999,-9999,-9999,-9999,-9999,-9999
52187.50,5.50,645.23,-2.80,-9999,-9999,-9999,-9999,-9999,3576.88,-9999,-9999,-9999,-9999,-1.02
52187.75,5.75,-9999,-9999,-9999,-9999,-9999,-9999,-9999,-9999,-9999,-9999,-9999,-9999,-9999
52188.00,6.00,645.79,-3.16,-9999,-9999,-9999,-9999,-9999,3570.00,-9999,-9999,-9999,-9999,-1.35
52188.25,6.25,-9999,-9999,-9999,-9999,-9999,-9999,-9999,-9999,-9999,-9999,-9999,-9999,-9999
52188.50,6.50,646.35,-3.41,-9999,-9999,-9999,-9999,-9999,3563.15,-9999,-9999,-9999,-9999,-1.42
52188.75,6.75,-9999,-9999,-9999,-9999,-9999,-9999,-9999,-9999,-9999,-9999,-9999,-9999,-9999
52189.00,7.00,646.91,-3.54,-9999,-9999,-9999,42.78,-65.89,3556.36,3573.43,-9999,-9999,-9999,-1.42
52189.25,7.25,-9999,-9999,-9999,-9999,-9999,-9999,-9999,-9999,-9999,-9999,-9999,-9999,-9999
52189.50,7.50,647.46,-3.59,-9999,-9999,-9999,42.78,-65.89,3549.58,3555.42,-9999,-9999,-9999,-1.37
52189.75,7.75,-9999,-9999,-9999,-9999,-9999,-9999,-9999,-9999,-9999,-9999,-9999,-9999,-9999
52190.00,8.00,648.02,-3.58,-9999,-9999,-9999,42.78,-65.89,3542.78,3551.18,-9999,-9999,-9999,-1.29
52190.25,8.25,-9999,-9999,-9999,-9999,-9999,-9999,-9999,-9999,-9999,-9999,-9999,-9999,-9999
52190.50,8.50,648.58,-3.55,-9999,-9999,-9999,42.78,-65.89,3535.97,3545.60,-9999,-9999,-9999,-1.20
52190.75,8.75,-9999,-9999,-9999,-9999,-9999,-9999,-9999,-9999,-9999,-9999,-9999,-9999,-9999
52191.00,9.00,649.13,-3.51,-9999,-9999,-9999,42.78,-65.89,3529.20,3534.87,-9999,-9999,-9999,-1.06
52191.25,9.25,-9999,-9999,-9999,-9999,-9999,-9999,-9999,-9999,-9999,-9999,-9999,-9999,-9999
52191.50,9.50,649.68,-3.46,-9999,-9999,-9999,42.78,-65.88,3522.54,3527.70,-9999,-9999,-9999,-0.90
52191.75,9.75,-9999,-9999,-9999,-9999,-9999,-9999,-9999,-9999,-9999,-9999,-9999,-9999,-9999
52192.00,10.00,650.21,-3.42,-9999,23.25,217.06,42.78,-65.88,3516.00,3521.58,-9999,14.01,18.55,-0.76
52192.25,10.25,-9999,-9999,-9999,23.26,217.07,-9999,-9999,-9999,-9999,-9999,14.02,18.56,-9999
52192.50,10.50,650.75,-3.38,-9999,23.27,217.08,42.78,-65.88,3509.53,3514.90,-9999,14.03,18.57,-0.68
52192.75,10.75,-9999,-9999,-9999,23.28,217.09,-9999,-9999,-9999,-9999,-9999,14.04,18.57,-9999
52193.00,11.00,651.28,-3.34,-9999,23.28,217.11,42.78,-65.88,3503.09,3508.90,-9999,14.04,18.57,-0.68
52193.25,11.25,-9999,-9999,-9999,23.28,217.12,-9999,-9999,-9999,-9999,-9999,14.05,18.56,-9999
52193.50,11.50,651.81,-3.31,-9999,23.26,217.14,42.78,-65.88,3496.64,3502.26,-9999,14.05,18.55,-0.77
52193.75,11.75,-9999,-9999,-9999,23.25,217.16,-9999,-9999,-9999,-9999,-9999,14.04,18.53,-9999
52194.00,12.00,652.34,-3.27,-9999,23.22,217.17,42.78,-65.88,3490.11,3495.47,-9999,14.03,18.50,-0.90
52194.25,12.25,-9999,-9999,-9999,23.19,217.18,-9999,-9999,-9999,-9999,-9999,14.01,18.47,-9999
52194.50,12.50,652.89,-3.24,99.97,23.14,217.18,42.78,-65.88,3483.47,3488.87,-3.24,13.99,18.44,-1.04
52194.75,12.75,-9999,-9999,-9999,23.10,217.18,-9999,-9999,-9999,-9999,-9999,13.96,18.40,-9999
52195.00,13.00,653.45,-3.20,100.00,23.04,217.17,42.78,-65.88,3476.72,3482.30,-3.20,13.92,18.36,-1.12
52195.25,13.25,-9999,-9999,-9999,22.97,217.14,-9999,-9999,-9999,-9999,-9999,13.87,18.31,-9999
52195.50,13.50,654.01,-3.17,99.99,22.90,217.10,42.78,-65.88,3469.95,3475.85,-3.17,13.82,18.27,-1.10
52195.75,13.75,-9999,-9999,-9999,22.83,217.04,-9999,-9999,-9999,-9999,-9999,13.75,18.22,-9999
52196.00,14.00,654.56,-3.15,99.98,22.74,216.97,42.78,-65.88,3463.25,3469.14,-3.15,13.68,18.17,-1.03
52196.25,14.25,-9999,-9999,-9999,22.65,216.88,-9999,-9999,-9999,-9999,-9999,13.59,18.12,-9999
52196.50,14.50,655.10,-3.12,99.96,22.56,216.77,42.78,-65.88,3456.67,3462.08,-3.13,13.50,18.07,-0.94
52196.75,14.75,-9999,-9999,-9999,22.46,216.63,-9999,-9999,-9999,-9999,-9999,13.40,18.02,-9999
52197.00,15.00,655.64,-3.10,99.95,22.36,216.48,42.78,-65.88,3450.18,3455.36,-3.11,13.29,17.98,-0.90
52197.25,15.25,-9999,-9999,-9999,22.25,216.30,-9999,-9999,-9999,-9999,-9999,13.17,17.94,-9999
52197.50,15.50,656.18,-3.08,99.94,22.15,216.09,42.78,-65.88,3443.66,3448.64,-3.08,13.05,17.90,-0.92
52197.75,15.75,-9999,-9999,-9999,22.03,215.86,-9999,-9999,-9999,-9999,-9999,12.91,17.86,-9999
52198.00,16.00,656.73,-3.06,99.93,21.92,215.60,42.78,-65.88,3437.03,3441.97,-3.07,12.76,17.83,-0.95
52198.25,16.25,-9999,-9999,-9999,21.81,215.31,-9999,-9999,-9999,-9999,-9999,12.61,17.80,-9999
52198.50,16.50,657.28,-3.04,99.90,21.70,215.00,42.78,-65.88,3430.38,3435.14,-3.05,12.44,17.78,-0.96
52198.75,16.75,-9999,-9999,-9999,21.59,214.66,-9999,-9999,-9999,-9999,-9999,12.28,17.76,-9999
52199.00,17.00,657.83,-3.02,99.89,21.48,214.29,42.78,-65.88,3423.75,3428.27,-3.03,12.10,17.75,-0.93
52199.25,17.25,-9999,-9999,-9999,21.38,213.91,-9999,-9999,-9999,-9999,-9999,11.93,17.74,-9999
52199.50,17.50,658.38,-3.00,99.92,21.28,213.51,42.78,-65.88,3417.15,3421.50,-3.01,11.75,17.74,-0.87
52199.75,17.75,-9999,-9999,-9999,21.19,213.10,-9999,-9999,-9999,-9999,-9999,11.57,17.75,-9999
52200.00,18.00,658.92,-2.98,99.95,21.10,212.68,42.79,-65.88,3410.60,3415.07,-2.99,11.39,17.76,-0.84
52200.25,18.25,-9999,-9999,-9999,21.02,212.26,-9999,-9999,-9999,-9999,-9999,11.22,17.78,-9999
52200.50,18.50,659.46,-2.96,99.95,20.95,211.85,42.79,-65.88,3404.12,3408.78,-2.96,11.06,17.80,-0.88
52200.75,18.75,-9999,-9999,-9999,20.89,211.45,-9999,-9999,-9999,-9999,-9999,10.90,17.82,-9999
52201.00,19.00,659.99,-2.93,99.93,20.84,211.06,42.79,-65.88,3397.68,3402.46,-2.94,10.75,17.85,-1.01
52201.25,19.25,-9999,-9999,-9999,20.79,210.69,-9999,-9999,-9999,-9999,-9999,10.61,17.88,-9999
52201.50,19.50,660.54,-2.91,99.87,20.75,210.35,42.79,-65.88,3391.08,3395.92,-2.92,10.49,17.91,-1.25
52201.75,19.75,-9999,-9999,-9999,20.72,210.03,-9999,-9999,-9999,-9999,-9999,10.37,17.94,-9999
52202.00,20.00,661.12,-2.88,99.83,20.70,209.74,42.79,-65.88,3384.21,3389.21,-2.90,10.27,17.97,-1.49
52202.25,20.25,-9999,-9999,-9999,20.67,209.47,-9999,-9999,-9999,-9999,-9999,10.17,18.00,-9999
52202.50,20.50,661.70,-2.85,99.84,20.65,209.22,42.79,-65.88,3377.21,3382.21,-2.87,10.08,18.02,-1.66
52202.75,20.75,-9999,-9999,-9999,20.63,208.99,-9999,-9999,-9999,-9999,-9999,10.00,18.05,-9999
52203.00,21.00,662.28,-2.82,99.89,20.61,208.78,42.79,-65.88,3370.23,3374.94,-2.84,9.92,18.06,-1.77
52203.25,21.25,-9999,-9999,-9999,20.58,208.58,-9999,-9999,-9999,-9999,-9999,9.84,18.07,-9999
52203.50,21.50,662.86,-2.80,99.94,20.54,208.39,42.79,-65.88,3363.28,3367.67,-2.80,9.77,18.07,-1.83
52203.75,21.75,-9999,-9999,-9999,20.49,208.22,-9999,-9999,-9999,-9999,-9999,9.69,18.06,-9999
52204.00,22.00,663.44,-2.79,99.98,20.44,208.05,42.79,-65.88,3356.34,3360.59,-2.79,9.61,18.04,-1.83
52204.25,22.25,-9999,-9999,-9999,20.38,207.89,-9999,-9999,-9999,-9999,-9999,9.53,18.01,-9999
52204.50,22.50,664.03,-2.78,100.00,20.31,207.73,42.79,-65.88,3349.37,3353.56,-2.78,9.45,17.98,-1.78
52204.75,22.75,-9999,-9999,-9999,20.24,207.57,-9999,-9999,-9999,-9999,-9999,9.37,17.94,-9999
52205.00,23.00,664.61,-2.78,100.00,20.16,207.41,42.79,-65.88,3342.32,3346.64,-2.78,9.28,17.90,-1.63
52205.25,23.25,-9999,-9999,-9999,20.08,207.25,-9999,-9999,-9999,-9999,-9999,9.20,17.86,-9999
52205.50,23.50,665.20,-2.77,100.00,20.01,207.08,42.79,-65.88,3335.38,3339.91,-2.77,9.11,17.82,-1.35
52205.75,23.75,-9999,-9999,-9999,19.94,206.89,-9999,-9999,-9999,-9999,-9999,9.02,17.78,-9999
52206.00,24.00,665.76,-2.75,100.00,19.88,206.69,42.79,-65.88,3328.70,3333.46,-2.75,8.93,17.76,-0.99
52206.25,24.25,-9999,-9999,-9999,19.82,206.47,-9999,-9999,-9999,-9999,-9999,8.83,17.74,-9999
52206.50,24.50,666.30,-2.73,100.00,19.77,206.25,42.79,-65.88,3322.27,3327.19,-2.73,8.74,17.73,-0.62
52206.75,24.75,-9999,-9999,-9999,19.73,206.01,-9999,-9999,-9999,-9999,-9999,8.65,17.74,-9999
52207.00,25.00,666.82,-2.70,100.00,19.71,205.77,42.79,-65.88,3316.01,3321.07,-2.70,8.57,17.75,-0.30
52207.25,25.25,-9999,-9999,-9999,19.69,205.52,-9999,-9999,-9999,-9999,-9999,8.48,17.77,-9999
52207.50,25.50,667.34,-2.66,100.00,19.68,205.27,42.79,-65.88,3309.87,3315.18,-2.66,8.40,17.80,-0.06
52207.75,25.75,-9999,-9999,-9999,19.68,205.02,-9999,-9999,-9999,-9999,-9999,8.32,17.84,-9999
52208.00,26.00,667.85,-2.62,100.00,19.69,204.77,42.79,-65.88,3303.80,3309.23,-2.62,8.25,17.88,0.08
52208.25,26.25,-9999,-9999,-9999,19.70,204.53,-9999,-9999,-9999,-9999,-9999,8.18,17.93,-9999
52208.50,26.50,668.35,-2.58,100.00,19.72,204.31,42.79,-65.88,3297.78,3303.12,-2.58,8.12,17.97,0.11
52208.75,26.75,-9999,-9999,-9999,19.73,204.10,-9999,-9999,-9999,-9999,-9999,8.06,18.01,-9999
52209.00,27.00,668.86,-2.54,100.00,19.74,203.91,42.79,-65.88,3291.78,3296.82,-2.54,8.00,18.05,0.04
52209.25,27.25,-9999,-9999,-9999,19.75,203.73,-9999,-9999,-9999,-9999,-9999,7.95,18.08,-9999
52209.50,27.50,669.37,-2.51,100.00,19.75,203.58,42.79,-65.88,3285.73,3290.34,-2.51,7.90,18.10,-0.14
52209.75,27.75,-9999,-9999,-9999,19.73,203.46,-9999,-9999,-9999,-9999,-9999,7.85,18.10,-9999
52210.00,28.00,669.89,-2.48,100.00,19.71,203.35,42.79,-65.88,3279.51,3284.01,-2.48,7.81,18.09,-0.41
52210.25,28.25,-9999,-9999,-9999,19.68,203.28,-9999,-9999,-9999,-9999,-9999,7.78,18.07,-9999
52210.50,28.50,670.43,-2.45,100.00,19.63,203.22,42.79,-65.88,3273.14,3277.61,-2.45,7.74,18.04,-0.75
52210.75,28.75,-9999,-9999,-9999,19.58,203.19,-9999,-9999,-9999,-9999,-9999,7.71,17.99,-9999
52211.00,29.00,670.98,-2.42,100.00,19.51,203.18,42.79,-65.88,3266.67,3270.95,-2.42,7.68,17.94,-1.14
52211.25,29.25,-9999,-9999,-9999,19.44,203.19,-9999,-9999,-9999,-9999,-9999,7.66,17.87,-9999
52211.50,29.50,671.54,-2.38,100.00,19.37,203.22,42.79,-65.88,3260.02,3264.18,-2.38,7.63,17.80,-1.54
52211.75,29.75,-9999,-9999,-9999,19.28,203.25,-9999,-9999,-9999,-9999,-9999,7.61,17.72,-9999
52212.00,30.00,672.13,-2.34,100.00,19.20,203.29,42.79,-65.88,3253.07,3257.34,-2.34,7.59,17.63,-1.90
52212.25,30.25,-9999,-9999,-9999,19.11,203.34,-9999,-9999,-9999,-9999,-9999,7.57,17.55,-9999
52212.50,30.50,672.73,-2.29,100.00,19.02,203.38,42.79,-65.88,3245.89,3250.52,-2.29,7.55,17.46,-2.09
52212.75,30.75,-9999,-9999,-9999,18.93,203.43,-9999,-9999,-9999,-9999,-9999,7.53,17.37,-9999
52213.00,31.00,673.34,-2.25,100.00,18.84,203.48,42.79,-65.88,3238.66,3243.74,-2.25,7.50,17.28,-2.09
52213.25,31.25,-9999,-9999,-9999,18.74,203.52,-9999,-9999,-9999,-9999,-9999,7.48,17.19,-9999
52213.50,31.50,673.95,-2.21,100.00,18.65,203.55,42.79,-65.88,3231.52,3236.94,-2.21,7.45,17.10,-1.95
52213.75,31.75,-9999,-9999,-9999,18.57,203.58,-9999,-9999,-9999,-9999,-9999,7.43,17.02,-9999
52214.00,32.00,674.54,-2.18,100.00,18.48,203.60,42.79,-65.88,3224.60,3230.06,-2.18,7.40,16.93,-1.69
52214.25,32.25,-9999,-9999,-9999,18.39,203.61,-9999,-9999,-9999,-9999,-9999,7.37,16.85,-9999
52214.50,32.50,675.11,-2.17,100.00,18.31,203.62,42.79,-65.88,3217.86,3223.28,-2.17,7.34,16.77,-1.49
52214.75,32.75,-9999,-9999,-9999,18.23,203.64,-9999,-9999,-9999,-9999,-9999,7.31,16.70,-9999
52215.00,33.00,675.67,-2.16,100.00,18.15,203.65,42.79,-65.88,3211.19,3216.52,-2.16,7.28,16.62,-1.36
52215.25,33.25,-9999,-9999,-9999,18.07,203.67,-9999,-9999,-9999,-9999,-9999,7.25,16.55,-9999
52215.50,33.50,676.24,-2.16,100.00,17.99,203.69,42.79,-65.88,3204.51,3209.86,-2.16,7.23,16.47,-1.31
52215.75,33.75,-9999,-9999,-9999,17.91,203.73,-9999,-9999,-9999,-9999,-9999,7.21,16.40,-9999
52216.00,34.00,676.81,-2.15,100.00,17.84,203.77,42.79,-65.88,3197.82,3203.32,-2.15,7.19,16.33,-1.34
52216.25,34.25,-9999,-9999,-9999,17.77,203.82,-9999,-9999,-9999,-9999,-9999,7.18,16.26,-9999
52216.50,34.50,677.38,-2.14,100.00,17.70,203.87,42.79,-65.88,3191.11,3196.76,-2.14,7.16,16.19,-1.34
52216.75,34.75,-9999,-9999,-9999,17.63,203.92,-9999,-9999,-9999,-9999,-9999,7.15,16.12,-9999
52217.00,35.00,677.96,-2.12,100.00,17.57,203.98,42.79,-65.88,3184.35,3190.27,-2.12,7.14,16.05,-1.31
52217.25,35.25,-9999,-9999,-9999,17.51,204.03,-9999,-9999,-9999,-9999,-9999,7.13,15.99,-9999
52217.50,35.50,678.53,-2.11,100.00,17.45,204.09,42.79,-65.88,3177.61,3183.77,-2.11,7.12,15.93,-1.19
52217.75,35.75,-9999,-9999,-9999,17.39,204.13,-9999,-9999,-9999,-9999,-9999,7.11,15.87,-9999
52218.00,36.00,679.10,-2.08,100.00,17.34,204.18,42.79,-65.88,3170.98,3177.18,-2.08,7.10,15.82,-0.99
52218.25,36.25,-9999,-9999,-9999,17.29,204.21,-9999,-9999,-9999,-9999,-9999,7.09,15.77,-9999
52218.50,36.50,679.65,-2.06,100.00,17.25,204.25,42.79,-65.88,3164.50,3170.69,-2.06,7.08,15.73,-0.79
52218.75,36.75,-9999,-9999,-9999,17.21,204.27,-9999,-9999,-9999,-9999,-9999,7.07,15.69,-9999
52219.00,37.00,680.19,-2.03,100.00,17.17,204.29,42.79,-65.88,3158.18,3164.15,-2.03,7.06,15.65,-0.65
52219.25,37.25,-9999,-9999,-9999,17.14,204.30,-9999,-9999,-9999,-9999,-9999,7.05,15.62,-9999
52219.50,37.50,680.72,-1.99,100.00,17.12,204.30,42.79,-65.88,3151.95,3157.57,-1.99,7.04,15.60,-0.62
52219.75,37.75,-9999,-9999,-9999,17.09,204.30,-9999,-9999,-9999,-9999,-9999,7.04,15.58,-9999
52220.00,38.00,681.26,-1.96,100.00,17.08,204.30,42.79,-65.88,3145.66,3151.02,-1.96,7.03,15.56,-0.73
52220.25,38.25,-9999,-9999,-9999,17.06,204.29,-9999,-9999,-9999,-9999,-9999,7.02,15.55,-9999
52220.50,38.50,681.81,-1.93,100.00,17.05,204.28,42.79,-65.88,3139.20,3144.48,-1.93,7.01,15.54,-0.90
52220.75,38.75,-9999,-9999,-9999,17.04,204.26,-9999,-9999,-9999,-9999,-9999,7.00,15.54,-9999
52221.00,39.00,682.38,-1.89,100.00,17.03,204.25,42.79,-65.88,3132.64,3137.89,-1.89,6.99,15.53,-1.10
52221.25,39.25,-9999,-9999,-9999,17.02,204.23,-9999,-9999,-9999,-9999,-9999,6.99,15.52,-9999
52221.50,39.50,682.95,-1.86,100.00,17.01,204.22,42.79,-65.88,3126.00,3131.28,-1.86,6.98,15.51,-1.28
52221.75,39.75,-9999,-9999,-9999,17.00,204.20,-9999,-9999,-9999,-9999,-9999,6.97,15.51,-9999
52222.00,40.00,683.52,-1.82,100.00,16.99,204.19,42.79,-65.88,3119.30,3124.73,-1.82,6.96,15.50,-1.43
52222.25,40.25,-9999,-9999,-9999,16.98,204.17,-9999,-9999,-9999,-9999,-9999,6.95,15.49,-9999
52222.50,40.50,684.10,-1.79,100.00,16.96,204.16,42.79,-65.88,3112.56,3118.14,-1.79,6.94,15.48,-1.53
52222.75,40.75,-9999,-9999,-9999,16.95,204.14,-9999,-9999,-9999,-9999,-9999,6.93,15.47,-9999
52223.00,41.00,684.68,-1.76,100.00,16.93,204.11,42.79,-65.88,3105.77,3111.55,-1.76,6.92,15.45,-1.58
52223.25,41.25,-9999,-9999,-9999,16.92,204.09,-9999,-9999,-9999,-9999,-9999,6.90,15.44,-9999
