mdx/test/fixtures/IMPACTS_WISPER_CWC_P3_20200201_R0_SF03.ict
38, 1001
Toohey, Darin; Noone, David; Wein, Emily
University of Colorado; Atmospheric Investigations
WISPER: Condensed water concentration (ice + liquid water) from cavity ringdown spectrometer measurements of vaporized condensed water particles in heated counterflow virtual impactor inlet.
NASA IMPACTS Mission 2020
1,1
2020, 02, 01, 2021, 10, 03
1.0
Start_UTC, seconds, seconds since start of day of record
6
1, 1, 1, 1, 1, 1
-9999, -9999, -9999, -9999, -9999, -9999
CWC, g/(m^3), condensed water concentration (ice + liquid water)
H2O_VAP, ppm, water vapor mixing ratio
DELTAD_C, permil, HDO/H2(16)O ratio in condensed water
DELTAO18_C, permil, H2(18)O/H2(16)O ratio in condensed water
DELTAD_V, permil, HDO/H2(16)O ratio in water vapor
DELTAO18_V, permil, H2(18)O/H2(16)O ratio in water vapor
0
18
PI_CONTACT_INFO:  University of Colorado - ATOC; 4001 Discovery Drive, Boulder, CO 80303; toohey@colorado.edu
PLATFORM: NASA P3 (ORION)- sampling from CVI inlet and a backward facing pick off tube on port side of fuselage
LOCATION: Aircraft location data available TBD
ASSOCIATED_DATA: N/A
INSTRUMENT_INFO: TBD
DATA_INFO: Condensed water concentration is corrected for inertial enhancement of particle concentrations in subisokinetic inlet.
UNCERTAINTY:  The uncertainty is estimated to be +/- 10% CWC (1-sigma); Contact PIs for uncertainties in water vapor and isotopologue ratios
ULOD_FLAG: -7777
ULOD_VALUE: N/A
LLOD_FLAG: -8888
LLOD_VALUE: N/A
DM_CONTACT_INFO: TBD
PROJECT_INFO:  IMPACTS Mission Jan – Feb, 2020; based in Wallops Island, Virgnia.
STIPULATIONS_ON_USE: Please consult IMPACTS data policy
OTHER_COMMENTS: none.
REVISION: R0
R0: Post-mission calibrations for H2O and isotopologues applied. Additional QA/QC is needed for water vapor and isotopologues to account for condensation and icing on vapor phase inlet.
Start_UTC, CWC, H2O_VAP, DELTAD_C, DELTAO18_C, DELTAD_V, DELTAO18_V
[from data line 4447]
45917,0.612836885,-9999,-165.85,-15.31,-9999,-9999
45918,0.609348765,-9999,-162.64,-15.48,-9999,-9999
45919,0.516059168,-9999,-169.05,-15.26,-9999,-9999
45920,0.440657461,-9999,-163.17,-16.15,-9999,-9999
45921,0.378152765,-9999,-159.9,-16.17,-9999,-9999
45922,0.361190508,-9999,-158.84,-15.93,-9999,-9999
45923,0.350908074,-9999,-161.2,-16.5,-9999,-9999
45924,0.33643627,-9999,-164.94,-16.33,-9999,-9999
45925,0.317191605,-9999,-166.15,-16.21,-9999,-9999
45926,0.303830664,-9999,-173.83,-15.82,-9999,-9999
45927,0.29206772,-9999,-163.21,-16.61,-9999,-9999
45928,0.304657935,-9999,-170.47,-17.05,-9999,-9999
45929,0.301754728,-9999,-166.83,-16.7,-9999,-9999
45930,0.298875331,-9999,-165.65,-16.52,-9999,-9999
45931,0.288290334,-9999,-169.61,-15.85,-9999,-9999
45932,0.282370737,-9999,-167.7,-16.21,-9999,-9999
45933,0.275810254,-9999,-164.52,-16.48,-9999,-9999
45934,0.276027108,-9999,-172.97,-17.28,-9999,-9999
45935,0.270668604,-9999,-163.67,-16.08,-9999,-9999
45936,0.270534337,-9999,-169.7,-16.98,-9999,-9999
45937,0.274418264,-9999,-172.92,-15.8,-9999,-9999
45938,0.271520997,-9999,-162.44,-16.61,-9999,-9999
45939,0.297140866,-9999,-159.56,-17.16,-9999,-9999
45940,0.287372742,-9999,-168.68,-16.89,-9999,-9999
45941,0.321835622,-9999,-167.08,-17.07,-9999,-9999
45942,0.365687466,-9999,-161.08,-16.71,-9999,-9999
45943,0.426973981,-9999,-149.77,-16.73,-9999,-9999
45944,0.517782786,-9999,-155.14,-15.96,-9999,-9999
45945,0.499742996,-9999,-148.62,-15.04,-9999,-9999
45946,0.469939467,-9999,-136.71,-14.29,-9999,-9999
45947,0.434310387,-9999,-145.32,-13.6,-9999,-9999
45948,0.408296211,-9999,-144.8,-12.81,-9999,-9999
45949,0.38429641,-9999,-147.55,-12.79,-9999,-9999
45950,0.357929066,-9999,-142.08,-12.68,-9999,-9999
45951,0.346293053,-9999,-147.45,-12.43,-9999,-9999
45952,0.355964158,-9999,-152.24,-12.66,-9999,-9999
45953,0.364015054,-9999,-146.35,-13.16,-9999,-9999
45954,0.369267341,-9999,-146.86,-13.18,-9999,-9999
45955,0.399109772,-9999,-150.59,-13.06,-9999,-9999
45956,0.413628883,-9999,-145.54,-12.77,-9999,-9999
45957,0.430749336,-9999,-142.83,-12.38,-9999,-9999
45958,0.420822078,-9999,-153.22,-12.35,-9999,-9999
45959,0.419353483,-9999,-148.31,-12.44,-9999,-9999
45960,0.419640101,-9999,-150.76,-12.45,-9999,-9999
45961,0.490690844,-9999,-145.39,-12.96,-9999,-9999
45962,0.495374326,-9999,-148.21,-12.66,-9999,-9999
45963,0.544007181,-9999,-144.66,-12.56,-9999,-9999
45964,0.531004514,-9999,-145.42,-12.61,-9999,-9999
45965,0.494344841,-9999,-148.6,-12.93,-9999,-9999
45966,0.488653615,-9999,-151.69,-12.67,-9999,-9999
45967,0.520573664,-9999,-146.23,-13.76,-9999,-9999
45968,0.461064186,-9999,-144.12,-13.03,-9999,-9999
45969,0.518880233,-9999,-149.33,-12.72,-9999,-9999
45970,0.456174203,-9999,-148.3,-13.24,-9999,-9999
45971,0.454448522,-9999,-148.51,-13.77,-9999,-9999
45972,0.438447863,-9999,-149.66,-13.71,-9999,-9999
45973,0.41807806,-9999,-152.97,-14.21,-9999,-9999
45974,0.418832271,-9999,-150.71,-14.28,-9999,-9999
45975,0.397763505,-9999,-161.85,-14.44,-9999,-9999
45976,0.398128614,-9999,-150.92,-14.24,-9999,-9999
45977,0.384638369,-9999,-146.46,-14.14,-9999,-9999
45978,0.367580844,-9999,-151.05,-14.29,-9999,-9999
45979,0.385899325,-9999,-149.96,-13.36,-9999,-9999
45980,0.355355827,-9999,-143.63,-14.22,-9999,-9999
45981,0.346441803,-9999,-147.23,-14.58,-9999,-9999
45982,0.356811069,-9999,-157.48,-14.57,-9999,-9999
45983,0.322399542,-9999,-158.14,-14.96,-9999,-9999
45984,0.327951841,-9999,-162.18,-14.71,-9999,-9999
45985,0.345207697,-9999,-154.53,-14.37,-9999,-9999
45986,0.303499464,-9999,-153.48,-14.46,-9999,-9999
45987,0.315790382,-9999,-162.55,-14.31,-9999,-9999
45988,0.347783628,-9999,-162.15,-14.39,-9999,-9999
45989,0.271435308,-9999,-161,-15,-9999,-9999
45990,0.309423613,-9999,-166.41,-15.23,-9999,-9999
45991,0.281866573,-9999,-161.18,-15.13,-9999,-9999
45992,0.286813399,-9999,-164.3,-15.04,-9999,-9999
45993,0.265507633,-9999,-150.97,-14.68,-9999,-9999
45994,0.263872041,-9999,-150.97,-14.68,-9999,-9999
45995,0.261896083,-9999,-164.86,-15.05,-9999,-9999
45996,0.259324879,-9999,-158.79,-14.1,-9999,-9999
45997,0.275166309,-9999,-155.97,-13.99,-9999,-9999
45998,0.288352072,-9999,-163.1,-13.84,-9999,-9999
45999,0.282194022,-9999,-154.51,-14.35,-9999,-9999
46000,0.273930402,-9999,-165.9,-14.11,-9999,-9999
46001,0.259658264,-9999,-165.9,-14.11,-9999,-9999
46002,0.26586393,-9999,-157.14,-13.77,-9999,-9999
46003,0.283135519,-9999,-155.97,-14.02,-9999,-9999
46004,0.31583178,-9999,-153.74,-13.91,-9999,-9999
46005,0.303658721,-9999,-150.53,-13.36,-9999,-9999
46006,0.288960794,-9999,-145.3,-14.2,-9999,-9999
46007,0.279247049,-9999,-151.75,-13.33,-9999,-9999
46008,0.275165187,-9999,-146.44,-13.21,-9999,-9999
46009,0.278905665,-9999,-150.43,-13.26,-9999,-9999
46010,0.286766092,-9999,-158.22,-13.64,-9999,-9999
46011,0.283099327,-9999,-158.39,-13.84,-9999,-9999
46012,0.355274018,-9999,-145.32,-13.17,-9999,-9999
46013,0.335794846,-9999,-144.23,-13.91,-9999,-9999
46014,0.321118144,-9999,-145.41,-13.65,-9999,-9999
46015,0.281528659,-9999,-155.02,-12.46,-9999,-9999
46016,0.282854764,-9999,-147.38,-12.82,-9999,-9999
46017,0.3157662,-9999,-152.76,-13.62,-9999,-9999
46018,0.356000247,-9999,-151.29,-12.46,-9999,-9999
46019,0.332954132,-9999,-146.69,-12.89,-9999,-9999
46020,0.414073123,-9999,-152.92,-12.39,-9999,-9999
46021,0.41912867,-9999,-152.28,-12.93,-9999,-9999
46022,0.437384822,-9999,-157.15,-12.71,-9999,-9999
46023,0.430427411,-9999,-152.02,-12.64,-9999,-9999
46024,0.412231553,-9999,-147.32,-12.7,-9999,-9999
46025,0.409836554,-9999,-149.13,-12.67,-9999,-9999
46026,0.375383703,-9999,-145.88,-13.26,-9999,-9999
46027,0.374996545,-9999,-145.79,-12.63,-9999,-9999
46028,0.35916942,-9999,-143.45,-11.9,-9999,-9999
46029,0.366146907,-9999,-147.81,-12.66,-9999,-9999
46030,0.430685273,-9999,-152.56,-12.45,-9999,-9999
46031,0.42519428,-9999,-141.92,-12.25,-9999,-9999
46032,0.399807543,-9999,-148.37,-12.99,-9999,-9999
46033,0.421314581,-9999,-149.87,-11.76,-9999,-9999
46034,0.373617005,-9999,-147.17,-11.69,-9999,-9999
46035,0.379897438,-9999,-145.16,-11.78,-9999,-9999
46036,0.398657787,-9999,-142.83,-12.47,-9999,-9999
46037,0.403794524,-9999,-145.3,-12.44,-9999,-9999
46038,0.361538166,-9999,-145.11,-12.68,-9999,-9999
46039,0.329980613,-9999,-137.28,-11.9,-9999,-9999
46040,0.3181415,-9999,-149.36,-11.76,-9999,-9999
46041,0.337861439,-9999,-138.9,-11.95,-9999,-9999
46042,0.364649133,-9999,-147.12,-12.44,-9999,-9999
46043,0.412942872,-9999,-148.22,-11.5,-9999,-9999
46044,0.350286796,-9999,-145.43,-12.05,-9999,-9999
46045,0.38696946,-9999,-141.72,-11.81,-9999,-9999
46046,0.428962859,-9999,-140.68,-11.92,-9999,-9999
46047,0.456833899,-9999,-136.76,-11.74,-9999,-9999
46048,0.461818361,-9999,-143.98,-12.09,-9999,-9999
46049,0.495424049,-9999,-141.67,-12.71,-9999,-9999
46050,0.541395904,-9999,-150.79,-12.16,-9999,-9999
46051,0.587886399,-9999,-144.63,-13.55,-9999,-9999
46052,0.821638532,-9999,-146.07,-12.17,-9999,-9999
46053,0.878664952,-9999,-140.53,-12.7,-9999,-9999
46054,0.859868014,-9999,-141.59,-12.63,-9999,-9999
46055,0.808661104,-9999,-141.65,-12.49,-9999,-9999
46056,0.655065037,-9999,-139.39,-12.51,-9999,-9999
46057,0.662573829,-9999,-140.35,-11.94,-9999,-9999
46058,0.648832042,-9999,-144,-12.07,-9999,-9999
46059,0.583032102,-9999,-142.53,-13.12,-9999,-9999
46060,0.759467273,-9999,-146.52,-12.47,-9999,-9999
46061,0.592616793,-9999,-150.17,-13.64,-9999,-9999
46062,0.602613215,-9999,-150.27,-12.76,-9999,-9999
46063,0.55535745,-9999,-151.74,-13.06,-9999,-9999
46064,0.674626561,-9999,-146.47,-12.74,-9999,-9999
46065,0.632980098,-9999,-141.15,-12.65,-9999,-9999
46066,0.783572372,-9999,-144.11,-12.67,-9999,-9999
46067,0.694294286,-9999,-142.22,-12.91,-9999,-9999
46068,0.709813701,-9999,-144.43,-12.74,-9999,-9999
46069,0.605427872,-9999,-149.64,-12.56,-9999,-9999
46070,0.607965716,-9999,-144.86,-12.81,-9999,-9999
46071,0.488028976,-9999,-147.37,-12.74,-9999,-9999
46072,0.549757175,-9999,-145.67,-12.17,-9999,-9999
46073,0.499009717,-9999,-144.53,-12.3,-9999,-9999
46074,0.600047806,-9999,-138.15,-12.74,-9999,-9999
46075,0.655639509,-9999,-131.76,-11.15,-9999,-9999
46076,0.814287762,-9999,-131.36,-10.24,-9999,-9999
46077,1.028042123,-9999,-128.2,-9.42,-9999,-9999
46078,1.006301535,-9999,-128.2,-9.42,-9999,-9999
46079,1.141555465,-9999,-121.65,-10.34,-9999,-9999
46080,1.296724946,-9999,-125.17,-9.5,-9999,-9999
46081,1.341908187,-9999,-120.83,-10.4,-9999,-9999
46082,1.377606204,-9999,-124.2,-10.48,-9999,-9999
46083,1.379397084,-9999,-131.83,-9.32,-9999,-9999
46084,1.322815893,-9999,-118.52,-10.06,-9999,-9999
46085,1.341965363,-9999,-118.08,-9.79,-9999,-9999
46086,1.311740838,-9999,-120.84,-9.59,-9999,-9999
46087,1.243903473,-9999,-122.62,-9.72,-9999,-9999
46088,1.300081181,-9999,-122.35,-10.57,-9999,-9999
46089,1.179474189,-9999,-127.86,-11.52,-9999,-9999
46090,1.098361621,-9999,-127.43,-12.17,-9999,-9999
46091,0.983083183,-9999,-133.74,-12.42,-9999,-9999
46092,0.852552326,-9999,-131.7,-12.47,-9999,-9999
46093,0.845050189,-9999,-130.11,-12.77,-9999,-9999
46094,0.787091989,-9999,-134.89,-13.16,-9999,-9999
46095,0.762933722,-9999,-135.88,-13.41,-9999,-9999
46096,0.652027436,-9999,-135.22,-13.64,-9999,-9999
46097,0.678331634,-9999,-138.56,-13.57,-9999,-9999
46098,0.589141514,-9999,-137.16,-13.33,-9999,-9999
46099,0.664495367,-9999,-136.59,-13.64,-9999,-9999
46100,0.581617282,-9999,-140.46,-12.97,-9999,-9999
46101,0.664141945,-9999,-138.61,-13.23,-9999,-9999
46102,0.606982815,-9999,-143.25,-13.01,-9999,-9999
46103,0.694928958,-9999,-138.73,-13.05,-9999,-9999
46104,0.669280693,-9999,-135.52,-12.46,-9999,-9999
46105,0.62682124,-9999,-136.2,-11.85,-9999,-9999
46106,0.725694235,-9999,-136.65,-12.46,-9999,-9999
46107,0.644273218,-9999,-135.5,-12.02,-9999,-9999
46108,0.742998938,-9999,-135.42,-12.37,-9999,-9999
46109,0.702984573,-9999,-135.42,-12.37,-9999,-9999
46110,0.711122372,-9999,-135.67,-12.4,-9999,-9999
46111,0.806152596,-9999,-136.45,-12.69,-9999,-9999
46112,0.818120461,-9999,-140.9,-12.69,-9999,-9999
46113,0.774028501,-9999,-141.69,-13.77,-9999,-9999
46114,0.754209264,-9999,-139.12,-14.41,-9999,-9999
46115,0.765463316,-9999,-144.74,-14.45,-9999,-9999
46116,0.660279871,-9999,-151.26,-14.95,-9999,-9999
46117,0.623283862,-9999,-149.89,-14.44,-9999,-9999
46118,0.653355972,-9999,-144.43,-14.94,-9999,-9999
46119,0.702471873,-9999,-148.18,-15.04,-9999,-9999
46120,0.684805897,-9999,-146.03,-14.12,-9999,-9999
46121,0.69494874,-9999,-142.14,-13.64,-9999,-9999
46122,0.835174618,-9999,-137.32,-12.37,-9999,-9999
46123,0.80217392,-9999,-131.97,-13.45,-9999,-9999
46124,0.957033636,-9999,-136.12,-12.6,-9999,-9999
46125,0.86677774,-9999,-138.24,-12.59,-9999,-9999
46126,0.988755902,-9999,-138.57,-12.91,-9999,-9999
46127,0.997422009,-9999,-138.28,-13.05,-9999,-9999
46128,0.941739772,-9999,-138.54,-13.32,-9999,-9999
46129,0.754695808,-9999,-136.65,-13.59,-9999,-9999
46130,0.730449221,-9999,-138.33,-14.43,-9999,-9999
46131,0.595036161,-9999,-140.52,-14.41,-9999,-9999
46132,0.547426687,-9999,-145.05,-14.63,-9999,-9999
46133,0.516553026,-9999,-146.19,-14.65,-9999,-9999
46134,0.527714621,-9999,-151.37,-14.81,-9999,-9999
46135,0.486871668,-9999,-143.22,-15.08,-9999,-9999
46136,0.535614926,-9999,-147.79,-14.81,-9999,-9999
46137,0.472433428,-9999,-145.16,-15.09,-9999,-9999
46138,0.450240067,-9999,-149.78,-15.62,-9999,-9999
46139,0.435170588,-9999,-145.19,-15.38,-9999,-9999
46140,0.463686473,-9999,-143.19,-15.99,-9999,-9999
46141,0.400582837,-9999,-151.75,-15.45,-9999,-9999
46142,0.407141513,-9999,-149.07,-15.57,-9999,-9999
46143,0.44119804,-9999,-144.97,-15.23,-9999,-9999
46144,0.455111274,-9999,-140.78,-14.82,-9999,-9999
46145,0.592693745,-9999,-142.34,-13.21,-9999,-9999
46146,0.772533263,-9999,-133.13,-11.14,-9999,-9999
46147,0.925224087,-9999,-125.98,-11,-9999,-9999
46148,1.069185275,-9999,-119.98,-11.55,-9999,-9999
46149,1.255795909,-9999,-109.91,-11.95,-9999,-9999
46150,1.284530296,-9999,-118.14,-10.77,-9999,-9999
46151,1.318774114,-9999,-120.21,-10.15,-9999,-9999
46152,1.332972497,-9999,-116.5,-9.66,-9999,-9999
46153,1.418615506,-9999,-112.1,-10.67,-9999,-9999
46154,1.333957645,-9999,-112.1,-10.67,-9999,-9999
46155,1.361800786,-9999,-117.11,-10.65,-9999,-9999
46156,1.340220884,-9999,-109.63,-10.92,-9999,-9999
46157,1.541005166,-9999,-117.01,-9.27,-9999,-9999
46158,1.73342726,-9999,-116.14,-9.25,-9999,-9999
46159,1.675064754,-9999,-110.77,-10.08,-9999,-9999
46160,1.668923145,-9999,-112.27,-9.14,-9999,-9999
46161,1.573216749,-9999,-106.33,-9.77,-9999,-9999
46162,1.633864356,-9999,-112.45,-9.27,-9999,-9999
46163,1.722208621,-9999,-106.43,-10.09,-9999,-9999
46164,1.554062168,-9999,-107.33,-9.24,-9999,-9999
46165,1.49482567,-9999,-109.21,-9.29,-9999,-9999
46166,1.558010568,-9999,-104.41,-10.08,-9999,-9999
46167,1.6499481,-9999,-112.29,-9.64,-9999,-9999
46168,1.473343643,-9999,-112.29,-9.64,-9999,-9999
46169,1.723283205,-9999,-108.56,-11.27,-9999,-9999
46170,1.884495686,-9999,-110.38,-10.72,-9999,-9999
46171,1.779009408,-9999,-106.54,-10.56,-9999,-9999
46172,1.937274829,-9999,-106.1,-10.11,-9999,-9999
46173,2.1506746,-9999,-104.41,-9.62,-9999,-9999
46174,2.327586441,-9999,-103.81,-9.45,-9999,-9999
46175,2.272688206,-9999,-103.81,-9.45,-9999,-9999
46176,2.350341309,-9999,-99.25,-9.11,-9999,-9999
46177,2.200815448,-9999,-98.42,-8.96,-9999,-9999
46178,2.140428894,-9999,-99.98,-7.85,-9999,-9999
46179,2.125846912,-9999,-100.23,-7.82,-9999,-9999
46180,1.893521406,-9999,-96.85,-7.88,-9999,-9999
46181,1.819121249,-9999,-97.34,-7.6,-9999,-9999
46182,1.73143977,-9999,-97.13,-8.15,-9999,-9999
46183,1.509513569,-9999,-102.36,-7.69,-9999,-9999
46184,1.503798172,-9999,-102.36,-7.69,-9999,-9999
46185,1.414043765,-9999,-104.26,-8.54,-9999,-9999
46186,1.389780658,-9999,-104.81,-8.73,-9999,-9999
46187,1.369715241,-9999,-96.63,-8.46,-9999,-9999
46188,1.418037927,-9999,-101.54,-9.34,-9999,-9999
46189,1.421577957,-9999,-103.61,-9.39,-9999,-9999
46190,1.330882001,-9999,-106.52,-8.79,-9999,-9999
46191,1.498652342,-9999,-106.71,-8.03,-9999,-9999
46192,1.621397161,-9999,-102.15,-9.16,-9999,-9999
46193,1.711373728,-9999,-108.45,-9.7,-9999,-9999
46194,1.707661361,-9999,-108.78,-10.91,-9999,-9999
46195,1.606545009,-9999,-116.59,-11.97,-9999,-9999
46196,1.606367673,-9999,-114,-12.53,-9999,-9999
46197,1.628464215,-9999,-114,-12.53,-9999,-9999
46198,1.646063829,-9999,-118.81,-10.65,-9999,-9999
46199,1.701956024,-9999,-117.48,-11.51,-9999,-9999
46200,2.147469699,-9999,-111.48,-10.32,-9999,-9999
46201,2.366394245,-9999,-107.08,-9.87,-9999,-9999
46202,2.269155346,-9999,-103.79,-9.26,-9999,-9999
46203,2.259241425,-9999,-103.42,-8.09,-9999,-9999
46204,2.141227363,-9999,-103.42,-8.09,-9999,-9999
46205,2.171503692,-9999,-105.76,-8.16,-9999,-9999
46206,2.132152435,-9999,-105.99,-7.8,-9999,-9999
46207,2.082102144,-9999,-102.62,-7.62,-9999,-9999
46208,2.052398874,-9999,-102.33,-7.21,-9999,-9999
46209,1.9190324,-9999,-103.69,-7.33,-9999,-9999
46210,1.928990668,-9999,-106.3,-7.4,-9999,-9999
46211,1.930217692,-9999,-106.3,-7.4,-9999,-9999
46212,1.8610058,-9999,-103.21,-8.25,-9999,-9999
46213,1.780207131,-9999,-107.42,-8.15,-9999,-9999
46214,1.697469252,-9999,-104.93,-8.32,-9999,-9999
46215,1.640697442,-9999,-105.4,-8.15,-9999,-9999
46216,1.614844809,-9999,-103.45,-8,-9999,-9999
46217,1.619659385,-9999,-100.37,-8.15,-9999,-9999
46218,1.590719071,-9999,-102.08,-8.01,-9999,-9999
46219,1.543038777,-9999,-106.46,-7.7,-9999,-9999
46220,1.677488863,-9999,-105.04,-8.55,-9999,-9999
46221,1.531694058,-9999,-104,-8.55,-9999,-9999
46222,1.536388959,-9999,-102.37,-8.58,-9999,-9999
46223,1.621046562,-9999,-102.37,-8.58,-9999,-9999
46224,1.485063292,-9999,-102.77,-8.99,-9999,-9999
46225,1.416749022,-9999,-102.99,-9.4,-9999,-9999
46226,1.43192598,-9999,-102.91,-8.98,-9999,-9999
46227,1.612144383,-9999,-105.45,-8.59,-9999,-9999
46228,1.64473859,-9999,-103.68,-8.77,-9999,-9999
46229,1.593762322,-9999,-105.55,-9.19,-9999,-9999
46230,1.523873677,-9999,-111.64,-9.57,-9999,-9999
46231,1.493137533,-9999,-112.45,-10,-9999,-9999
46232,1.437827704,-9999,-108.48,-10.38,-9999,-9999
