mdx/test/fixtures/IMPACTS_WISPER_CWC_P3_20200201_R0_SF03.ict
38, 1001
Toohey, Darin; Noone, David; Wein, Emily
University of Colorado; Atmospheric Investigations
WISPER: Condensed water concentration (ice + liquid water) from cavity ringdown spectrometer measurements of vaporized condensed water particles in heated counterflow virtual impactor inlet.
NASA IMPACTS Mission 2020
1,1
2020, 02, 01, 2021, 10, 03
1.0
Start_UTC, seconds, seconds since start of day of record
6
1, 1, 1, 1, 1, 1
-9999, -9999, -9999, -9999, -9999, -9999
CWC, g/(m^3), condensed water concentration (ice + liquid water)
H2O_VAP, ppm, water vapor mixing ratio
DELTAD_C, permil, HDO/H2(16)O ratio in condensed water
DELTAO18_C, permil, H2(18)O/H2(16)O ratio in condensed water
DELTAD_V, permil, HDO/H2(16)O ratio in water vapor
DELTAO18_V, permil, H2(18)O/H2(16)O ratio in water vapor
0
18
PI_CONTACT_INFO:  University of Colorado - ATOC; 4001 Discovery Drive, Boulder, CO 80303; toohey@colorado.edu
PLATFORM: NASA P3 (ORION)- sampling from CVI inlet and a backward facing pick off tube on port side of fuselage
LOCATION: Aircraft location data available TBD
ASSOCIATED_DATA: N/A
INSTRUMENT_INFO: TBD
DATA_INFO: Condensed water concentration is corrected for inertial enhancement of particle concentrations in subisokinetic inlet.
UNCERTAINTY:  The uncertainty is estimated to be +/- 10% CWC (1-sigma); Contact PIs for uncertainties in water vapor and isotopologue ratios
ULOD_FLAG: -7777
ULOD_VALUE: N/A
LLOD_FLAG: -8888
LLOD_VALUE: N/A
DM_CONTACT_INFO: TBD
PROJECT_INFO:  IMPACTS Mission Jan – Feb, 2020; based in Wallops Island, Virgnia.
STIPULATIONS_ON_USE: Please consult IMPACTS data policy
OTHER_COMMENTS: none.
REVISION: R0
R0: Post-mission calibrations for H2O and isotopologues applied. Additional QA/QC is needed for water vapor and isotopologues to account for condensation and icing on vapor phase inlet.
Start_UTC, CWC, H2O_VAP, DELTAD_C, DELTAO18_C, DELTAD_V, DELTAO18_V
[from data line 13962]
55432,0.011792722,-9999,-151.87,-28.22,-9999,-9999
55433,0.011616815,-9999,-344.35,-25.3,-9999,-9999
55434,0.011711412,-9999,-252.55,-33.33,-9999,-9999
55435,0.011420984,-9999,-187.44,-27.9,-9999,-9999
55436,0.011741692,-9999,-364.05,-26.13,-9999,-9999
55437,0.01150331,-9999,-212.15,-34.4,-9999,-9999
55438,0.011803636,-9999,-224.85,-25.23,-9999,-9999
55439,0.01207089,-9999,-350.85,-24.77,-9999,-9999
55440,0.011833429,-9999,-157.55,-36.67,-9999,-9999
55441,0.012109277,-9999,-269.44,-27.47,-9999,-9999
55442,0.01183623,-9999,-220.35,-35.58,-9999,-9999
55443,0.01169182,-9999,-219.82,-35.99,-9999,-9999
55444,0.01135267,-9999,-106.67,-33.01,-9999,-9999
55445,0.011643385,-9999,-172.21,-30.7,-9999,-9999
55446,0.011476108,-9999,-190.9,-31.78,-9999,-9999
55447,0.01157004,-9999,-295.12,-25.72,-9999,-9999
55448,0.0117024,-9999,-117.29,-29.23,-9999,-9999
55449,0.011708323,-9999,-287.61,-24.99,-9999,-9999
55450,0.011488378,-9999,-199.76,-28.38,-9999,-9999
55451,0.011453639,-9999,-328.16,-28.77,-9999,-9999
55452,0.011582452,-9999,-204.59,-27.05,-9999,-9999
55453,0.011602282,-9999,-220.08,-32.65,-9999,-9999
55454,0.011381348,-9999,-294.47,-34.64,-9999,-9999
55455,0.011249494,-9999,-180.56,-31.43,-9999,-9999
55456,0.011328571,-9999,-169.45,-31.86,-9999,-9999
55457,0.011338505,-9999,-189.15,-22.99,-9999,-9999
55458,0.011176651,-9999,-314.53,-25.04,-9999,-9999
55459,0.011439736,-9999,-310.32,-25.08,-9999,-9999
55460,0.011806749,-9999,-191.2,-25.76,-9999,-9999
55461,0.011621323,-9999,-184.35,-29.38,-9999,-9999
55462,0.011749977,-9999,-267.45,-28.46,-9999,-9999
55463,0.011752252,-9999,-254.77,-36.76,-9999,-9999
55464,0.010936832,-9999,-179.98,-25.85,-9999,-9999
55465,0.011654791,-9999,-142.8,-37.55,-9999,-9999
55466,0.011413875,-9999,-296.52,-29.57,-9999,-9999
55467,0.011686258,-9999,-318.75,-30.11,-9999,-9999
55468,0.01187057,-9999,-196.15,-29.14,-9999,-9999
55469,0.011818068,-9999,-235.11,-31.34,-9999,-9999
55470,0.011649811,-9999,-216.12,-31.76,-9999,-9999
55471,0.011626343,-9999,-207.02,-26.33,-9999,-9999
55472,0.011593191,-9999,-236.42,-23.93,-9999,-9999
55473,0.01160006,-9999,-307.72,-24.61,-9999,-9999
55474,0.011251593,-9999,-212.15,-30.39,-9999,-9999
55475,0.011362183,-9999,-278.54,-25.21,-9999,-9999
55476,0.011562724,-9999,-318.5,-30.64,-9999,-9999
55477,0.011369132,-9999,-266.88,-33.27,-9999,-9999
55478,0.011805612,-9999,-204.73,-32.38,-9999,-9999
55479,0.011780863,-9999,-156.09,-30.45,-9999,-9999
55480,0.011714776,-9999,-397.63,-20.36,-9999,-9999
55481,0.012033168,-9999,-226.99,-25,-9999,-9999
55482,0.011648052,-9999,-169.72,-33.03,-9999,-9999
55483,0.011561539,-9999,-200.93,-27.19,-9999,-9999
55484,0.011367164,-9999,-257,-34.08,-9999,-9999
55485,0.011523114,-9999,-186.75,-29.07,-9999,-9999
55486,0.011706501,-9999,-154.61,-37.39,-9999,-9999
55487,0.011340983,-9999,-145.02,-31.76,-9999,-9999
55488,0.011450678,-9999,-177.61,-27.59,-9999,-9999
55489,0.011888593,-9999,-270.07,-30.6,-9999,-9999
55490,0.011715981,-9999,-337.81,-25.59,-9999,-9999
55491,0.011734994,-9999,-244.22,-30.53,-9999,-9999
55492,0.011930935,-9999,-145.99,-25.81,-9999,-9999
55493,0.011637125,-9999,-309.39,-27.79,-9999,-9999
55494,0.011721993,-9999,-100.66,-29.57,-9999,-9999
55495,0.011514761,-9999,-233.35,-30.13,-9999,-9999
55496,0.011807457,-9999,-214.92,-34.51,-9999,-9999
55497,0.012097988,-9999,-221.02,-33.7,-9999,-9999
55498,0.012183519,-9999,-226.01,-22.88,-9999,-9999
55499,0.012065884,-9999,-220.52,-27.13,-9999,-9999
55500,0.012244874,-9999,-272.18,-22.52,-9999,-9999
55501,0.011625144,-9999,-267.67,-30.54,-9999,-9999
55502,0.011623059,-9999,-254.23,-31.97,-9999,-9999
55503,0.011995357,-9999,-263.9,-29.35,-9999,-9999
55504,0.011916935,-9999,-295.66,-29.75,-9999,-9999
55505,0.011576597,-9999,-314.5,-21.72,-9999,-9999
55506,0.011250818,-9999,-158.57,-33.77,-9999,-9999
55507,0.011741108,-9999,-306.65,-30.45,-9999,-9999
55508,0.011582451,-9999,-306.43,-21.24,-9999,-9999
55509,0.011665092,-9999,-171.63,-25.96,-9999,-9999
55510,0.0114414,-9999,-202.18,-28.93,-9999,-9999
55511,0.011777437,-9999,-202.18,-28.93,-9999,-9999
55512,0.011347937,-9999,-338.86,-29.7,-9999,-9999
55513,0.011699272,-9999,-208.08,-27.34,-9999,-9999
55514,0.011344566,-9999,-242.23,-32,-9999,-9999
55515,0.011425986,-9999,-224.89,-30.19,-9999,-9999
55516,0.011477338,-9999,-276.12,-29.07,-9999,-9999
55517,0.011741045,-9999,-276.12,-29.07,-9999,-9999
55518,0.011707687,-9999,-394.06,-26.86,-9999,-9999
55519,0.011611592,-9999,-283.16,-29.45,-9999,-9999
55520,0.012149354,-9999,-212.19,-25.06,-9999,-9999
55521,0.011761442,-9999,-219.22,-25.3,-9999,-9999
55522,0.011591195,-9999,-313.66,-22.52,-9999,-9999
55523,0.01162658,-9999,-298.59,-35,-9999,-9999
55524,0.011200909,-9999,-217.68,-30.7,-9999,-9999
55525,0.011325166,-9999,-216.03,-32.03,-9999,-9999
55526,0.011848726,-9999,-247.76,-28.21,-9999,-9999
55527,0.011722193,-9999,-247.76,-28.21,-9999,-9999
55528,0.011985644,-9999,-194.01,-28.6,-9999,-9999
55529,0.01181935,-9999,-276.09,-33.37,-9999,-9999
55530,0.011834085,-9999,-184.65,-28.25,-9999,-9999
55531,0.011853544,-9999,-263.41,-27.61,-9999,-9999
55532,0.011630982,-9999,-254.18,-28.7,-9999,-9999
55533,0.011582609,-9999,-203,-28.66,-9999,-9999
55534,0.011521306,-9999,-217.24,-32.25,-9999,-9999
55535,0.011679124,-9999,-260.63,-27.14,-9999,-9999
55536,0.012148594,-9999,-225.56,-33.01,-9999,-9999
55537,0.011329435,-9999,-225.56,-33.01,-9999,-9999
55538,0.011896579,-9999,-206.9,-37.67,-9999,-9999
55539,0.01215124,-9999,-199.32,-37.54,-9999,-9999
55540,0.011857673,-9999,-226.55,-25.58,-9999,-9999
55541,0.011748177,-9999,-188.49,-28.27,-9999,-9999
55542,0.011615125,-9999,-163.3,-30.72,-9999,-9999
55543,0.011330902,-9999,-210.44,-34.74,-9999,-9999
55544,0.011625404,-9999,-155.02,-28.03,-9999,-9999
55545,0.011545831,-9999,-255.86,-21.29,-9999,-9999
55546,0.011619252,-9999,-184.12,-32.99,-9999,-9999
55547,0.01170212,-9999,-184.12,-32.99,-9999,-9999
55548,0.011883029,-9999,-227.22,-31.91,-9999,-9999
55549,0.012030485,-9999,-145.22,-31.62,-9999,-9999
55550,0.011762324,-9999,-230.49,-32.61,-9999,-9999
55551,0.011469524,-9999,-144.2,-28.38,-9999,-9999
55552,0.012065709,-9999,-186.25,-30.59,-9999,-9999
55553,0.011623012,-9999,-88.67,-30.46,-9999,-9999
55554,0.011564799,-9999,-190.77,-17.62,-9999,-9999
55555,0.011726146,-9999,-245.83,-31.76,-9999,-9999
55556,0.011356697,-9999,-218.11,-33.35,-9999,-9999
55557,0.011791001,-9999,-218.11,-33.35,-9999,-9999
55558,0.011438865,-9999,-172.46,-32.17,-9999,-9999
55559,0.011744083,-9999,-174.64,-26.56,-9999,-9999
55560,0.012028986,-9999,-244.69,-27.79,-9999,-9999
55561,0.011782591,-9999,-188.36,-31.48,-9999,-9999
55562,0.011504513,-9999,-347.59,-30.18,-9999,-9999
55563,0.011575988,-9999,-286.63,-32.85,-9999,-9999
55564,0.011231902,-9999,-323.78,-28.99,-9999,-9999
55565,0.011533113,-9999,-201.66,-30.71,-9999,-9999
55566,0.011621271,-9999,-201.66,-30.71,-9999,-9999
55567,0.01150693,-9999,-202.42,-33.96,-9999,-9999
55568,0.011721369,-9999,-166.08,-30.36,-9999,-9999
55569,0.011790425,-9999,-208.24,-30.01,-9999,-9999
55570,0.011939166,-9999,-153.17,-25.57,-9999,-9999
55571,0.011790216,-9999,-150.24,-31.75,-9999,-9999
55572,0.011338818,-9999,-257.94,-26.54,-9999,-9999
55573,0.011796578,-9999,-303.6,-30.99,-9999,-9999
55574,0.011601233,-9999,-260.78,-33.16,-9999,-9999
55575,0.011658306,-9999,-310.46,-36.43,-9999,-9999
55576,0.011617599,-9999,-310.46,-36.43,-9999,-9999
55577,0.011617082,-9999,-241.18,-28.22,-9999,-9999
55578,0.011866648,-9999,-327.36,-27.74,-9999,-9999
55579,0.011668658,-9999,-208.86,-23.95,-9999,-9999
55580,0.011492692,-9999,-209.82,-31.36,-9999,-9999
55581,0.011818335,-9999,-241.72,-22.37,-9999,-9999
55582,0.011791043,-9999,-157.03,-31.22,-9999,-9999
55583,0.011995033,-9999,-240.74,-32.95,-9999,-9999
55584,0.011899587,-9999,-167.35,-36.1,-9999,-9999
55585,0.011315468,-9999,-254.42,-24.14,-9999,-9999
55586,0.011378558,-9999,-254.42,-24.14,-9999,-9999
55587,0.010785801,-9999,-193.52,-30.97,-9999,-9999
55588,0.011427844,-9999,-258.1,-33.57,-9999,-9999
55589,0.011654303,-9999,-256.76,-30.15,-9999,-9999
55590,0.011527389,-9999,-200.85,-33.66,-9999,-9999
55591,0.011514145,-9999,-235.1,-23.47,-9999,-9999
55592,0.011856522,-9999,-284.94,-25.4,-9999,-9999
55593,0.011687925,-9999,-286.41,-28.42,-9999,-9999
55594,0.011903453,-9999,-213.64,-33.42,-9999,-9999
55595,0.011486843,-9999,-282.15,-32.01,-9999,-9999
55596,0.011924753,-9999,-159.98,-27.38,-9999,-9999
55597,0.011916845,-9999,-159.98,-27.38,-9999,-9999
55598,0.012033371,-9999,-253.29,-34.48,-9999,-9999
55599,0.011890765,-9999,-216.36,-30.49,-9999,-9999
55600,0.011450986,-9999,-205.55,-29.82,-9999,-9999
55601,0.011825568,-9999,-223.73,-28.02,-9999,-9999
55602,0.012152217,-9999,-95.82,-32.55,-9999,-9999
55603,0.012181898,-9999,-330.4,-26.26,-9999,-9999
55604,0.012464527,-9999,-192.37,-26.5,-9999,-9999
55605,0.012133256,-9999,-205.61,-24.9,-9999,-9999
55606,0.012155794,-9999,-342.07,-29.75,-9999,-9999
55607,0.012089462,-9999,-342.07,-29.75,-9999,-9999
55608,0.012116229,-9999,-254.07,-30.17,-9999,-9999
55609,0.01213553,-9999,-218.94,-23.25,-9999,-9999
55610,0.012528802,-9999,-239.86,-30.37,-9999,-9999
55611,0.012889343,-9999,-162.3,-36.15,-9999,-9999
55612,0.012699872,-9999,-267.98,-35.58,-9999,-9999
55613,0.012594779,-9999,-190.63,-19.46,-9999,-9999
55614,0.012924764,-9999,-160.21,-28.14,-9999,-9999
55615,0.012911557,-9999,-188.87,-36.66,-9999,-9999
55616,0.012933059,-9999,-142.8,-26.59,-9999,-9999
55617,0.013604726,-9999,-142.8,-26.59,-9999,-9999
55618,0.012805801,-9999,-235.71,-31.68,-9999,-9999
55619,0.012203658,-9999,-210.3,-32.22,-9999,-9999
55620,0.012077268,-9999,-256.91,-26.86,-9999,-9999
55621,0.013202077,-9999,-220.69,-28.74,-9999,-9999
55622,0.013166514,-9999,-247.24,-30.02,-9999,-9999
55623,0.01291822,-9999,-206.71,-24.82,-9999,-9999
55624,0.01391401,-9999,-314.58,-30.44,-9999,-9999
55625,0.012403646,-9999,-94.98,-32.18,-9999,-9999
55626,0.013166714,-9999,-243.52,-26.59,-9999,-9999
55627,0.013164643,-9999,-243.52,-26.59,-9999,-9999
55628,0.012805733,-9999,-212.13,-31.14,-9999,-9999
55629,0.01314235,-9999,-289.3,-28.16,-9999,-9999
55630,0.012944527,-9999,-245.36,-31.35,-9999,-9999
55631,0.012470433,-9999,-308.19,-30.57,-9999,-9999
55632,0.012235901,-9999,-185.21,-25.27,-9999,-9999
55633,0.012622438,-9999,-193.98,-24.16,-9999,-9999
55634,0.01267627,-9999,-254.8,-30.01,-9999,-9999
55635,0.012811392,-9999,-243.57,-31.19,-9999,-9999
55636,0.012602415,-9999,-183.85,-28.99,-9999,-9999
55637,0.012694934,-9999,-221.92,-31.74,-9999,-9999
55638,0.012398919,-9999,-221.92,-31.74,-9999,-9999
55639,0.012891329,-9999,-251.07,-33.39,-9999,-9999
55640,0.012608591,-9999,-204.8,-29.4,-9999,-9999
55641,0.012236435,-9999,-103.2,-33.09,-9999,-9999
55642,0.01224577,-9999,-142.85,-31.33,-9999,-9999
55643,0.012383697,-9999,-185.07,-30.54,-9999,-9999
55644,0.012887155,-9999,-157.54,-28.74,-9999,-9999
55645,0.012595928,-9999,-153.01,-29.83,-9999,-9999
55646,0.012988803,-9999,-282.05,-30.67,-9999,-9999
55647,0.01319468,-9999,-282.05,-30.67,-9999,-9999
55648,0.013063377,-9999,-147.14,-28.03,-9999,-9999
55649,0.013865399,-9999,-238.17,-28,-9999,-9999
55650,0.01315597,-9999,-238.17,-28,-9999,-9999
55651,0.013443627,-9999,-258.55,-27.78,-9999,-9999
55652,0.013802751,-9999,-268.49,-29.57,-9999,-9999
55653,0.013231357,-9999,-92.1,-32.68,-9999,-9999
55654,0.012816448,-9999,-267.86,-27.46,-9999,-9999
55655,0.013275831,-9999,-146.31,-29.12,-9999,-9999
55656,0.013422352,-9999,-243.64,-28.65,-9999,-9999
55657,0.01371475,-9999,-87.53,-37.46,-9999,-9999
55658,0.013772283,-9999,-332.62,-25.95,-9999,-9999
55659,0.013497632,-9999,-278.94,-21.73,-9999,-9999
55660,0.013726892,-9999,-291.96,-23.48,-9999,-9999
55661,0.013453622,-9999,-171.34,-26.68,-9999,-9999
55662,0.013374714,-9999,-171.34,-26.68,-9999,-9999
55663,0.013070613,-9999,-235.97,-29.14,-9999,-9999
55664,0.013173513,-9999,-192.04,-19.58,-9999,-9999
55665,0.013141599,-9999,-304.29,-33.08,-9999,-9999
55666,0.013169369,-9999,-202.59,-27.88,-9999,-9999
55667,0.01350678,-9999,-312.23,-24.02,-9999,-9999
55668,0.012986391,-9999,-181.63,-20.87,-9999,-9999
55669,0.013050198,-9999,-324.05,-32.79,-9999,-9999
55670,0.013237248,-9999,-162.76,-26.79,-9999,-9999
55671,0.012833758,-9999,-232.43,-30.34,-9999,-9999
55672,0.013160055,-9999,-218.34,-28.11,-9999,-9999
55673,0.012832631,-9999,-142.9,-29.52,-9999,-9999
55674,0.012738336,-9999,-141.23,-30.52,-9999,-9999
55675,0.013360396,-9999,-141.23,-30.52,-9999,-9999
55676,0.012791605,-9999,-263.58,-27.84,-9999,-9999
55677,0.013460805,-9999,-234.05,-24.54,-9999,-9999
55678,0.013896617,-9999,-200.9,-18.51,-9999,-9999
55679,0.014089247,-9999,-278.78,-30.36,-9999,-9999
55680,0.014184866,-9999,-134.48,-33.83,-9999,-9999
55681,0.014044915,-9999,-227.14,-30.03,-9999,-9999
55682,0.013879481,-9999,-305.42,-23.3,-9999,-9999
55683,0.013872679,-9999,-202.87,-29.84,-9999,-9999
55684,0.013900157,-9999,-75.23,-36.96,-9999,-9999
55685,0.014586051,-9999,-190.41,-26.97,-9999,-9999
55686,0.01393431,-9999,-346.22,-25.21,-9999,-9999
55687,0.014662394,-9999,-346.22,-25.21,-9999,-9999
55688,0.014277787,-9999,-214.75,-31.36,-9999,-9999
55689,0.013895298,-9999,-197.21,-26.58,-9999,-9999
55690,0.014078043,-9999,-134.42,-26.78,-9999,-9999
55691,0.013930283,-9999,-187.94,-32.75,-9999,-9999
55692,0.013779117,-9999,-288,-22.1,-9999,-9999
55693,0.01381771,-9999,-275.04,-25.54,-9999,-9999
55694,0.013567275,-9999,-222.66,-28.69,-9999,-9999
55695,0.013382152,-9999,-143.88,-29.77,-9999,-9999
55696,0.013192875,-9999,-303.28,-26.61,-9999,-9999
55697,0.013368188,-9999,-305.44,-33.31,-9999,-9999
55698,0.013289765,-9999,-86.13,-33.4,-9999,-9999
55699,0.014003851,-9999,-86.13,-33.4,-9999,-9999
55700,0.013386454,-9999,-221.9,-23.9,-9999,-9999
55701,0.01289007,-9999,-180.62,-34.58,-9999,-9999
55702,0.013218177,-9999,-168.53,-35.03,-9999,-9999
55703,0.013868414,-9999,-182.19,-32.04,-9999,-9999
55704,0.013622181,-9999,-167.85,-30.2,-9999,-9999
55705,0.013402713,-9999,-234.44,-37.47,-9999,-9999
55706,0.013833177,-9999,-238.09,-27.94,-9999,-9999
55707,0.01318226,-9999,-129.62,-35.41,-9999,-9999
55708,0.013347982,-9999,-175.07,-27.69,-9999,-9999
55709,0.013640964,-9999,-158.01,-23.37,-9999,-9999
55710,0.013808765,-9999,-217.28,-32.15,-9999,-9999
55711,0.013827113,-9999,-138.81,-33.84,-9999,-9999
55712,0.01456686,-9999,-138.81,-33.84,-9999,-9999
55713,0.014177567,-9999,-244.98,-33.46,-9999,-9999
55714,0.01361491,-9999,-298.31,-27.12,-9999,-9999
55715,0.013617989,-9999,-287.32,-23.59,-9999,-9999
55716,0.014457047,-9999,-305.87,-25.33,-9999,-9999
55717,0.014587435,-9999,-306.68,-26.61,-9999,-9999
55718,0.014497771,-9999,-232.85,-25.95,-9999,-9999
55719,0.015582831,-9999,-176.15,-34.59,-9999,-9999
55720,0.01463183,-9999,-320.25,-28.16,-9999,-9999
55721,0.014375599,-9999,-207.14,-31.68,-9999,-9999
55722,0.016183714,-9999,-266.13,-28.92,-9999,-9999
55723,0.013696084,-9999,-307.9,-27.94,-9999,-9999
55724,0.015436158,-9999,-307.9,-27.94,-9999,-9999
55725,0.014556359,-9999,-151.76,-33.44,-9999,-9999
55726,0.014291468,-9999,-289,-29.6,-9999,-9999
55727,0.014245225,-9999,-171.26,-27.52,-9999,-9999
55728,0.014253884,-9999,-354.61,-32.66,-9999,-9999
55729,0.014431171,-9999,-295.27,-26.85,-9999,-9999
55730,0.014595511,-9999,-323.44,-35.2,-9999,-9999
55731,0.014203435,-9999,-160.58,-30.75,-9999,-9999
55732,0.014087015,-9999,-271.05,-28.22,-9999,-9999
55733,0.01376477,-9999,-263.03,-32.63,-9999,-9999
55734,0.014359114,-9999,-266.63,-34.63,-9999,-9999
55735,0.014178224,-9999,-272.29,-33.82,-9999,-9999
55736,0.014428564,-9999,-261.03,-25.75,-9999,-9999
55737,0.01405565,-9999,-261.03,-25.75,-9999,-9999
55738,0.014183842,-9999,-216.28,-23.42,-9999,-9999
55739,0.014466051,-9999,-295.12,-27.98,-9999,-9999
55740,0.014341047,-9999,-255.76,-27.84,-9999,-9999
55741,0.014468066,-9999,-169.78,-32.79,-9999,-9999
55742,0.014607683,-9999,-272.39,-23.19,-9999,-9999
55743,0.014081365,-9999,-207.6,-23.26,-9999,-9999
55744,0.014691577,-9999,-173.98,-28.63,-9999,-9999
55745,0.014437426,-9999,-317.41,-32.85,-9999,-9999
55746,0.014087403,-9999,-178.48,-31.51,-9999,-9999
