test/fixtures/IMPACTS_AVAPS_P3B_202002202248_R0.ict
100, 1001
Thornhill, Lee
NASA Langley
AVAPS NRD41
IMPACTS
1,1
2020, 02, 20, 2020, 05, 07
0.25
Time_Start, seconds, Time_Start, Starting time of the sampling period in UTC seconds from midnight
14
1, 1, 1, 1, 1, 1, 1, 1, 1, 1, 1, 1, 1, 1
-9999, -9999, -9999, -9999, -9999, -9999, -9999, -9999, -9999, -9999, -9999, -9999, -9999, -9999
TimeFLStart, seconds, None, Starting time of the sampling period from the launch
Pressure, mb, Met_StaticPressure_InSitu_None, Static air pressure
Temperature, deg C, Met_StaticAirTemperature_InSitu_None, Static air Temperature
RH, %, Met_RelativeHumidityWater_InSitu_None, Relative humidity over water
Speed, m/s, Met_WindSpeed_InSitu_None, Wind Speed
Direction, deg, Met_WindDirection_InSitu_None, Wind Direction
Latitude, deg, Platform_Latitude_InSitu_None, Sonde latitude
Longitude, deg, Platform_longitude_InSitu_None, Sonde longitude
Altitude, m, Platform_AltitudePressure_InSitu_None, Sonde pressure altitude
GPS Altitude, m, Platform_AltitudeMSL_InSitu_None, Sonde altitude over mean sea level
Dewpoint, deg C, Met_DewPoint_InSitu_None, Dew Point Temperature
Uwnd, m/s, Met_UWindSpeed_InSitu_None, East-West wind speed
Vwnd, m/s, Met_VWindSpeed_InSitu_None, North-South wind speed
Ascent, m/s, Met_WWindSpeed_InSitu_None, Vertical wind speed
54
Launch Time: 2020-02-20 22:48:52
QCSoftware: Aspen V3.4.3-13
ChuteArea: 400
DragCoef: 0.52
DropSondeMass: 169
DropSondeHitSfc: 1
GPSAltBuddySlope: 50
GPSAltQCDev: 50
GPSAltQCWL: 30
GPSPosBuddySlope: 0.001
GPSPosQCDev: 20
GPSPosQCWL: 30
PosInterpSpan: 60
PresBuddySlope: 2
PresEquilTime: 3.53
PresOffset: 0
PresOutlier: 10
PresQCDev: 3
PresQCWL: 10
PresSmoothWL: 5
RHBuddySlope: 7
RHEquilTime: 8.09
RHEquilTimeOverride: 0
RHOffset: 0
RHOutlier: 10
RHQCDev: 3
RHQCWL: 10
RHSmoothWL: 5
RHThreshold: 0
RHchoice: 0
Sonde Serial Number: 190510704
TdryBuddySlope: 3
TdryDynCor: 1
TdryDynCorWL: 20
TdryEquilTime: 3.53
TdryEquilTimeOverride: 0
TdryOffset: 0
TdryOutlier: 10
TdryOutlier: 10
TdryQCWL: 10
TdrySmoothWL: 5
WindBuddySlope: 1.5
WindDynCor: 1
WindDynCorWL: 10
WindEquilTime: 10
WindErrorHigh: 999
WindErrorLow: 999
WindOutlier: 999
WindQCDev: 999
WindQCWL: 30
WindSats: 7
WindSmoothWL: 10
WindVVPresWL: 5
WindVVdelta: 2.5
18
PI_CONTACT_INFO: kenneth.l.thornhill@nasa.gov
PLATFORM NASA P-3, N426NA
LOCATION: Launch latitude, longitude, and elevation data are included in the corresponding "MetNav" files.
ASSOCIATED_DATA: N/A
INSTRUMENT_INFO: AVAPS NRD41, Serial Number: 190510704
DATA_INFO: 4 Hz data at a constant 0.25 second interval for winds; 2 Hz, 0.5 second interval for thermodynamics
UNCERTAINTY: Contact PI
ULOD_FLAG: -77777
ULOD_VALUE: N/A
LLOD_FLAG: -88888
LLOD_VALUE: N/A
DM_CONTACT_INFO: Claire Robinson, claire.e.robinson@nasa.gov
PROJECT_INFO: IMPACTS
OTHER_COMMENTS: Final QC by Holger Vömel at NCAR, check data report for more information.
STIPULATIONS_ON_USE: Users are strongly encouraged to consult with the PI for proper data use.
REVISION: R0
R0: Final Data
Time_Start,TimeFLStart,Pressure,Temperature,RH,Speed,Direction,Latitude,Longitude,Altitude,GPS Altitude,Dewpoint,Uwnd,Vwnd,Ascent
[from data line 675]
82300.75,168.75,-9999,-9999,-9999,15.91,68.72,-9999,-9999,-9999,-9999,-9999,-14.82,-5.77,-9999
82301.00,169.00,917.56,9.17,93.01,15.94,68.56,33.90,-77.80,857.74,856.73,8.10,-14.83,-5.82,0.24
82301.25,169.25,-9999,-9999,-9999,15.96,68.40,-9999,-9999,-9999,-9999,-9999,-14.84,-5.88,-9999
82301.50,169.50,918.20,9.17,93.02,15.99,68.24,33.90,-77.80,851.99,850.90,8.11,-14.85,-5.93,0.30
82301.75,169.75,-9999,-9999,-9999,16.02,68.09,-9999,-9999,-9999,-9999,-9999,-14.86,-5.98,-9999
82302.00,170.00,918.83,9.17,93.06,16.05,67.93,33.90,-77.80,846.29,845.16,8.12,-14.87,-6.03,0.32
82302.25,170.25,-9999,-9999,-9999,16.07,67.79,-9999,-9999,-9999,-9999,-9999,-14.88,-6.08,-9999
82302.50,170.50,919.47,9.17,93.11,16.10,67.64,33.90,-77.80,840.55,839.32,8.12,-14.89,-6.12,0.31
82302.75,170.75,-9999,-9999,-9999,16.13,67.51,-9999,-9999,-9999,-9999,-9999,-14.91,-6.17,-9999
82303.00,171.00,920.11,9.16,93.11,16.16,67.38,33.90,-77.80,834.76,833.54,8.12,-14.92,-6.22,0.32
82303.25,171.25,-9999,-9999,-9999,16.20,67.26,-9999,-9999,-9999,-9999,-9999,-14.94,-6.26,-9999
82303.50,171.50,920.75,9.16,93.03,16.23,67.14,33.90,-77.80,828.94,827.71,8.10,-14.96,-6.31,0.36
82303.75,171.75,-9999,-9999,-9999,16.27,67.03,-9999,-9999,-9999,-9999,-9999,-14.98,-6.35,-9999
82304.00,172.00,921.40,9.15,92.90,16.31,66.92,33.90,-77.81,823.15,821.99,8.07,-15.00,-6.39,0.48
82304.25,172.25,-9999,-9999,-9999,16.34,66.81,-9999,-9999,-9999,-9999,-9999,-15.02,-6.44,-9999
82304.50,172.50,922.02,9.14,92.74,16.39,66.71,33.90,-77.81,817.49,816.31,8.03,-15.05,-6.48,0.63
82304.75,172.75,-9999,-9999,-9999,16.43,66.60,-9999,-9999,-9999,-9999,-9999,-15.08,-6.52,-9999
82305.00,173.00,922.64,9.12,92.60,16.47,66.49,33.90,-77.81,811.97,810.62,7.99,-15.10,-6.57,0.72
82305.25,173.25,-9999,-9999,-9999,16.51,66.37,-9999,-9999,-9999,-9999,-9999,-15.13,-6.62,-9999
82305.50,173.50,923.24,9.09,92.53,16.56,66.26,33.90,-77.81,806.54,804.85,7.95,-15.15,-6.67,0.73
82305.75,173.75,-9999,-9999,-9999,16.60,66.14,-9999,-9999,-9999,-9999,-9999,-15.18,-6.71,-9999
82306.00,174.00,923.85,9.04,92.54,16.64,66.01,33.90,-77.81,801.07,799.07,7.91,-15.20,-6.76,0.66
82306.25,174.25,-9999,-9999,-9999,16.67,65.89,-9999,-9999,-9999,-9999,-9999,-15.22,-6.81,-9999
82306.50,174.50,924.48,8.99,92.64,16.71,65.76,33.90,-77.81,795.44,793.32,7.87,-15.24,-6.86,0.54
82306.75,174.75,-9999,-9999,-9999,16.74,65.63,-9999,-9999,-9999,-9999,-9999,-15.25,-6.91,-9999
82307.00,175.00,925.12,8.94,92.78,16.77,65.50,33.90,-77.81,789.68,787.57,7.84,-15.26,-6.95,0.50
82307.25,175.25,-9999,-9999,-9999,16.80,65.38,-9999,-9999,-9999,-9999,-9999,-15.27,-7.00,-9999
82307.50,175.50,925.76,8.89,92.91,16.83,65.26,33.90,-77.81,783.93,781.90,7.82,-15.28,-7.04,0.54
82307.75,175.75,-9999,-9999,-9999,16.86,65.15,-9999,-9999,-9999,-9999,-9999,-15.30,-7.08,-9999
82308.00,176.00,926.39,8.86,93.01,16.89,65.04,33.90,-77.81,778.29,776.45,7.80,-15.31,-7.13,0.62
82308.25,176.25,-9999,-9999,-9999,16.92,64.94,-9999,-9999,-9999,-9999,-9999,-15.33,-7.17,-9999
82308.50,176.50,927.01,8.83,93.09,16.96,64.83,33.90,-77.81,772.78,770.96,7.79,-15.35,-7.21,0.73
82308.75,176.75,-9999,-9999,-9999,17.00,64.73,-9999,-9999,-9999,-9999,-9999,-15.37,-7.26,-9999
82309.00,177.00,927.62,8.82,93.11,17.04,64.62,33.90,-77.81,767.34,765.36,7.78,-15.40,-7.31,0.74
82309.25,177.25,-9999,-9999,-9999,17.10,64.50,-9999,-9999,-9999,-9999,-9999,-15.43,-7.36,-9999
82309.50,177.50,928.23,8.79,93.02,17.16,64.36,33.90,-77.81,761.88,759.79,7.73,-15.47,-7.42,0.65
82309.75,177.75,-9999,-9999,-9999,17.23,64.21,-9999,-9999,-9999,-9999,-9999,-15.51,-7.49,-9999
82310.00,178.00,928.85,8.70,92.78,17.31,64.04,33.90,-77.81,756.30,754.37,7.61,-15.56,-7.58,0.50
82310.25,178.25,-9999,-9999,-9999,17.40,63.84,-9999,-9999,-9999,-9999,-9999,-15.61,-7.67,-9999
82310.50,178.50,929.49,8.51,92.36,17.49,63.60,33.90,-77.81,750.60,748.84,7.35,-15.67,-7.78,0.33
82310.75,178.75,-9999,-9999,-9999,17.60,63.33,-9999,-9999,-9999,-9999,-9999,-15.73,-7.90,-9999
82311.00,179.00,930.15,8.17,91.81,17.72,63.02,33.90,-77.81,744.78,743.18,6.93,-15.79,-8.04,0.21
82311.25,179.25,-9999,-9999,-9999,17.84,62.66,-9999,-9999,-9999,-9999,-9999,-15.85,-8.19,-9999
82311.50,179.50,930.80,7.68,91.26,17.98,62.26,33.90,-77.81,738.95,737.48,6.36,-15.91,-8.37,0.17
82311.75,179.75,-9999,-9999,-9999,18.11,61.81,-9999,-9999,-9999,-9999,-9999,-15.97,-8.56,-9999
82312.00,180.00,931.46,7.12,-9999,18.26,61.31,33.90,-77.81,733.16,731.66,-9999,-16.02,-8.77,0.18
82312.25,180.25,-9999,-9999,-9999,18.41,60.78,-9999,-9999,-9999,-9999,-9999,-16.07,-8.99,-9999
82312.50,180.50,932.11,6.67,90.75,18.56,60.20,33.90,-77.81,727.41,725.61,5.27,-16.11,-9.23,0.24
82312.75,180.75,-9999,-9999,-9999,18.72,59.59,-9999,-9999,-9999,-9999,-9999,-16.14,-9.47,-9999
82313.00,181.00,932.76,6.43,-9999,18.88,58.96,33.90,-77.81,721.70,719.45,-9999,-16.17,-9.73,0.31
82313.25,181.25,-9999,-9999,-9999,19.03,58.30,-9999,-9999,-9999,-9999,-9999,-16.19,-10.00,-9999
82313.50,181.50,933.40,6.26,-9999,19.19,57.63,33.90,-77.81,716.03,713.53,-9999,-16.21,-10.27,0.36
82313.75,181.75,-9999,-9999,-9999,19.34,56.95,-9999,-9999,-9999,-9999,-9999,-16.21,-10.54,-9999
82314.00,182.00,934.04,6.03,92.23,19.48,56.26,33.90,-77.81,710.39,707.96,4.87,-16.20,-10.82,0.40
82314.25,182.25,-9999,-9999,-9999,19.62,55.57,-9999,-9999,-9999,-9999,-9999,-16.18,-11.09,-9999
82314.50,182.50,934.68,5.65,92.98,19.75,54.87,33.90,-77.81,704.78,702.41,4.61,-16.15,-11.36,0.40
82314.75,182.75,-9999,-9999,-9999,19.88,54.18,-9999,-9999,-9999,-9999,-9999,-16.12,-11.63,-9999
82315.00,183.00,935.32,5.10,-9999,20.00,53.50,33.90,-77.81,699.17,696.95,-9999,-16.08,-11.89,0.40
82315.25,183.25,-9999,-9999,-9999,20.12,52.83,-9999,-9999,-9999,-9999,-9999,-16.03,-12.15,-9999
82315.50,183.50,935.97,4.53,95.00,20.23,52.18,33.90,-77.81,693.54,691.38,3.80,-15.98,-12.41,0.40
82315.75,183.75,-9999,-9999,-9999,20.35,51.56,-9999,-9999,-9999,-9999,-9999,-15.94,-12.65,-9999
82316.00,184.00,936.62,4.05,95.87,20.46,50.96,33.90,-77.81,687.88,685.81,3.45,-15.89,-12.89,0.44
82316.25,184.25,-9999,-9999,-9999,20.58,50.39,-9999,-9999,-9999,-9999,-9999,-15.85,-13.12,-9999
82316.50,184.50,937.27,3.66,96.46,20.69,49.84,33.90,-77.81,682.26,680.26,3.15,-15.82,-13.34,0.54
82316.75,184.75,-9999,-9999,-9999,20.81,49.32,-9999,-9999,-9999,-9999,-9999,-15.78,-13.56,-9999
82317.00,185.00,937.90,3.36,96.75,20.92,48.82,33.90,-77.81,676.74,674.74,2.90,-15.75,-13.78,0.69
82317.25,185.25,-9999,-9999,-9999,21.04,48.33,-9999,-9999,-9999,-9999,-9999,-15.71,-13.98,-9999
82317.50,185.50,938.53,3.12,96.82,21.15,47.85,33.90,-77.81,671.32,669.22,2.67,-15.68,-14.19,0.85
82317.75,185.75,-9999,-9999,-9999,21.26,47.38,-9999,-9999,-9999,-9999,-9999,-15.64,-14.40,-9999
82318.00,186.00,939.15,2.90,96.82,21.37,46.91,33.90,-77.81,665.99,663.68,2.45,-15.61,-14.60,0.97
82318.25,186.25,-9999,-9999,-9999,21.48,46.43,-9999,-9999,-9999,-9999,-9999,-15.56,-14.81,-9999
82318.50,186.50,939.76,2.70,96.82,21.59,45.95,33.90,-77.81,660.73,658.33,2.25,-15.51,-15.01,1.03
82318.75,186.75,-9999,-9999,-9999,21.69,45.45,-9999,-9999,-9999,-9999,-9999,-15.46,-15.22,-9999
82319.00,187.00,940.36,2.52,96.85,21.80,44.96,33.90,-77.81,655.52,652.99,2.07,-15.40,-15.42,1.00
82319.25,187.25,-9999,-9999,-9999,21.90,44.46,-9999,-9999,-9999,-9999,-9999,-15.34,-15.63,-9999
82319.50,187.50,940.97,2.34,96.91,21.99,43.95,33.90,-77.81,650.26,647.58,1.90,-15.26,-15.83,0.87
82319.75,187.75,-9999,-9999,-9999,22.09,43.44,-9999,-9999,-9999,-9999,-9999,-15.19,-16.04,-9999
82320.00,188.00,941.60,2.17,96.97,22.18,42.93,33.90,-77.81,644.87,642.00,1.74,-15.11,-16.24,0.71
82320.25,188.25,-9999,-9999,-9999,22.26,42.44,-9999,-9999,-9999,-9999,-9999,-15.02,-16.43,-9999
82320.50,188.50,942.24,2.01,97.05,22.34,41.95,33.90,-77.81,639.36,636.55,1.59,-14.93,-16.61,0.58
82320.75,188.75,-9999,-9999,-9999,22.41,41.48,-9999,-9999,-9999,-9999,-9999,-14.84,-16.79,-9999
82321.00,189.00,942.89,1.85,97.23,22.48,41.02,33.90,-77.81,633.80,631.13,1.46,-14.75,-16.96,0.50
82321.25,189.25,-9999,-9999,-9999,22.54,40.60,-9999,-9999,-9999,-9999,-9999,-14.67,-17.11,-9999
82321.50,189.50,943.54,1.71,97.56,22.59,40.19,33.90,-77.81,628.23,625.75,1.36,-14.58,-17.26,0.50
82321.75,189.75,-9999,-9999,-9999,22.64,39.82,-9999,-9999,-9999,-9999,-9999,-14.50,-17.39,-9999
82322.00,190.00,944.19,1.59,97.94,22.69,39.47,33.90,-77.81,622.71,620.33,1.30,-14.42,-17.51,0.55
82322.25,190.25,-9999,-9999,-9999,22.73,39.15,-9999,-9999,-9999,-9999,-9999,-14.35,-17.63,-9999
82322.50,190.50,944.83,1.51,98.27,22.77,38.86,33.90,-77.81,617.25,614.89,1.27,-14.29,-17.73,0.62
82322.75,190.75,-9999,-9999,-9999,22.80,38.59,-9999,-9999,-9999,-9999,-9999,-14.22,-17.82,-9999
82323.00,191.00,945.46,1.46,98.50,22.83,38.35,33.90,-77.81,611.85,609.49,1.25,-14.17,-17.91,0.68
82323.25,191.25,-9999,-9999,-9999,22.86,38.13,-9999,-9999,-9999,-9999,-9999,-14.12,-17.99,-9999
82323.50,191.50,-9999,-9999,-9999,-9999,-9999,-9999,-9999,-9999,-9999,-9999,-9999,-9999,-9999
82323.75,191.75,-9999,-9999,-9999,-9999,-9999,-9999,-9999,-9999,-9999,-9999,-9999,-9999,-9999
82324.00,192.00,946.73,1.46,98.67,22.94,37.59,33.90,-77.81,601.08,598.85,1.27,-13.99,-18.18,0.67
82324.25,192.25,-9999,-9999,-9999,22.96,37.44,-9999,-9999,-9999,-9999,-9999,-13.96,-18.23,-9999
82324.50,192.50,947.36,1.49,98.65,22.99,37.31,33.90,-77.81,595.65,593.44,1.30,-13.93,-18.28,0.62
82324.75,192.75,-9999,-9999,-9999,23.01,37.20,-9999,-9999,-9999,-9999,-9999,-13.91,-18.33,-9999
82325.00,193.00,948.01,1.53,98.63,23.03,37.09,33.90,-77.81,590.17,587.93,1.34,-13.89,-18.37,0.56
82325.25,193.25,-9999,-9999,-9999,23.05,37.00,-9999,-9999,-9999,-9999,-9999,-13.87,-18.41,-9999
82325.50,193.50,948.66,1.57,98.67,23.08,36.91,33.90,-77.81,584.65,582.44,1.39,-13.86,-18.45,0.54
82325.75,193.75,-9999,-9999,-9999,23.10,36.82,-9999,-9999,-9999,-9999,-9999,-13.84,-18.49,-9999
82326.00,194.00,949.31,1.62,98.75,23.12,36.73,33.90,-77.81,579.11,576.97,1.44,-13.83,-18.53,0.54
82326.25,194.25,-9999,-9999,-9999,23.14,36.63,-9999,-9999,-9999,-9999,-9999,-13.81,-18.57,-9999
82326.50,194.50,949.96,1.66,98.81,23.16,36.54,33.90,-77.81,573.61,571.56,1.49,-13.79,-18.61,0.52
82326.75,194.75,-9999,-9999,-9999,23.18,36.44,-9999,-9999,-9999,-9999,-9999,-13.77,-18.64,-9999
82327.00,195.00,950.59,1.69,98.86,23.19,36.34,33.90,-77.81,568.19,566.05,1.53,-13.74,-18.68,0.47
82327.25,195.25,-9999,-9999,-9999,23.20,36.24,-9999,-9999,-9999,-9999,-9999,-13.72,-18.71,-9999
82327.50,195.50,951.23,1.72,99.00,23.21,36.13,33.90,-77.81,562.77,560.48,1.58,-13.69,-18.75,0.32
82327.75,195.75,-9999,-9999,-9999,23.21,36.03,-9999,-9999,-9999,-9999,-9999,-13.65,-18.77,-9999
82328.00,196.00,951.90,1.74,99.22,23.21,35.92,33.90,-77.81,557.16,554.71,1.63,-13.62,-18.79,0.10
82328.25,196.25,-9999,-9999,-9999,23.20,35.82,-9999,-9999,-9999,-9999,-9999,-13.58,-18.81,-9999
82328.50,196.50,952.58,1.74,99.50,23.18,35.73,33.89,-77.81,551.33,548.97,1.67,-13.54,-18.82,-0.08
82328.75,196.75,-9999,-9999,-9999,23.16,35.64,-9999,-9999,-9999,-9999,-9999,-13.50,-18.82,-9999
82329.00,197.00,953.28,1.74,99.77,23.13,35.55,33.89,-77.81,545.44,543.34,1.71,-13.45,-18.82,-0.18
82329.25,197.25,-9999,-9999,-9999,23.10,35.47,-9999,-9999,-9999,-9999,-9999,-13.41,-18.81,-9999
82329.50,197.50,953.97,1.74,99.97,23.06,35.39,33.89,-77.81,539.57,537.60,1.73,-13.36,-18.80,-0.19
82329.75,197.75,-9999,-9999,-9999,23.02,35.33,-9999,-9999,-9999,-9999,-9999,-13.31,-18.78,-9999
82330.00,198.00,954.66,1.75,100.00,22.98,35.26,33.89,-77.81,533.75,531.71,1.75,-13.27,-18.76,-0.12
82330.25,198.25,-9999,-9999,-9999,22.93,35.20,-9999,-9999,-9999,-9999,-9999,-13.22,-18.74,-9999
82330.50,198.50,955.34,1.77,100.00,22.88,35.15,33.89,-77.81,527.98,525.94,1.77,-13.17,-18.71,-0.03
82330.75,198.75,-9999,-9999,-9999,22.83,35.10,-9999,-9999,-9999,-9999,-9999,-13.12,-18.68,-9999
82331.00,199.00,956.02,1.80,99.95,22.77,35.05,33.89,-77.81,522.26,520.39,1.80,-13.08,-18.64,0.07
82331.25,199.25,-9999,-9999,-9999,22.72,35.02,-9999,-9999,-9999,-9999,-9999,-13.04,-18.61,-9999
82331.50,199.50,956.69,1.84,99.73,22.66,34.99,33.89,-77.81,516.58,514.90,1.81,-12.99,-18.57,0.10
82331.75,199.75,-9999,-9999,-9999,22.61,34.96,-9999,-9999,-9999,-9999,-9999,-12.96,-18.53,-9999
82332.00,200.00,957.36,1.89,99.36,22.56,34.93,33.89,-77.81,510.94,509.24,1.80,-12.92,-18.49,0.06
82332.25,200.25,-9999,-9999,-9999,22.51,34.91,-9999,-9999,-9999,-9999,-9999,-12.88,-18.46,-9999
82332.50,200.50,958.03,1.94,98.86,22.47,34.88,33.89,-77.81,505.29,503.31,1.78,-12.85,-18.43,-0.07
82332.75,200.75,-9999,-9999,-9999,22.42,34.85,-9999,-9999,-9999,-9999,-9999,-12.81,-18.40,-9999
82333.00,201.00,958.72,1.99,98.27,22.38,34.80,33.89,-77.81,499.53,497.42,1.75,-12.78,-18.38,-0.30
82333.25,201.25,-9999,-9999,-9999,22.35,34.75,-9999,-9999,-9999,-9999,-9999,-12.74,-18.36,-9999
82333.50,201.50,959.42,2.05,97.69,22.31,34.68,33.89,-77.81,493.60,491.50,1.73,-12.70,-18.35,-0.51
82333.75,201.75,-9999,-9999,-9999,22.28,34.59,-9999,-9999,-9999,-9999,-9999,-12.65,-18.34,-9999
82334.00,202.00,960.14,2.11,97.22,22.25,34.49,33.89,-77.81,487.51,485.56,1.72,-12.60,-18.34,-0.66
82334.25,202.25,-9999,-9999,-9999,22.22,34.37,-9999,-9999,-9999,-9999,-9999,-12.54,-18.34,-9999
82334.50,202.50,960.88,2.17,96.95,22.19,34.24,33.89,-77.81,481.32,479.55,1.74,-12.48,-18.34,-0.69
82334.75,202.75,-9999,-9999,-9999,22.16,34.09,-9999,-9999,-9999,-9999,-9999,-12.42,-18.35,-9999
82335.00,203.00,961.61,2.23,96.95,22.12,33.93,33.89,-77.81,475.23,473.52,1.80,-12.35,-18.36,-0.57
82335.25,203.25,-9999,-9999,-9999,22.09,33.76,-9999,-9999,-9999,-9999,-9999,-12.28,-18.37,-9999
82335.50,203.50,962.31,2.28,97.27,22.06,33.59,33.89,-77.81,469.33,467.46,1.89,-12.20,-18.37,-0.40
82335.75,203.75,-9999,-9999,-9999,22.02,33.41,-9999,-9999,-9999,-9999,-9999,-12.12,-18.38,-9999
82336.00,204.00,962.99,2.31,97.89,21.98,33.23,33.89,-77.81,463.55,461.55,2.02,-12.05,-18.39,-0.22
82336.25,204.25,-9999,-9999,-9999,21.95,33.07,-9999,-9999,-9999,-9999,-9999,-11.97,-18.39,-9999
82336.50,204.50,963.68,2.35,98.67,21.91,32.91,33.89,-77.81,457.80,455.80,2.16,-11.90,-18.40,-0.01
82336.75,204.75,-9999,-9999,-9999,21.88,32.77,-9999,-9999,-9999,-9999,-9999,-11.84,-18.40,-9999
82337.00,205.00,-9999,-9999,-9999,-9999,-9999,-9999,-9999,-9999,-9999,-9999,-9999,-9999,-9999
82337.25,205.25,-9999,-9999,-9999,-9999,-9999,-9999,-9999,-9999,-9999,-9999,-9999,-9999,-9999
82337.50,205.50,965.02,2.44,99.76,21.80,32.45,33.89,-77.81,446.54,444.45,2.41,-11.70,-18.40,0.58
82337.75,205.75,-9999,-9999,-9999,21.79,32.39,-9999,-9999,-9999,-9999,-9999,-11.67,-18.40,-9999
82338.00,206.00,965.67,2.52,99.99,21.77,32.34,33.89,-77.81,441.15,438.93,2.52,-11.65,-18.40,0.98
82338.25,206.25,-9999,-9999,-9999,21.77,32.31,-9999,-9999,-9999,-9999,-9999,-11.63,-18.40,-9999
82338.50,206.50,966.28,2.61,100.00,21.76,32.30,33.89,-77.81,436.01,433.82,2.61,-11.63,-18.40,1.41
82338.75,206.75,-9999,-9999,-9999,21.76,32.29,-9999,-9999,-9999,-9999,-9999,-11.63,-18.40,-9999
82339.00,207.00,966.86,2.71,100.00,21.76,32.30,33.89,-77.81,431.13,429.08,2.71,-11.63,-18.40,1.81
82339.25,207.25,-9999,-9999,-9999,21.76,32.31,-9999,-9999,-9999,-9999,-9999,-11.63,-18.39,-9999
82339.50,207.50,967.42,2.79,100.00,21.76,32.33,33.89,-77.81,426.49,424.40,2.79,-11.64,-18.39,2.12
82339.75,207.75,-9999,-9999,-9999,21.76,32.35,-9999,-9999,-9999,-9999,-9999,-11.65,-18.38,-9999
82340.00,208.00,967.96,2.86,100.00,21.76,32.38,33.89,-77.81,421.97,419.93,2.86,-11.66,-18.38,2.29
82340.25,208.25,-9999,-9999,-9999,21.76,32.42,-9999,-9999,-9999,-9999,-9999,-11.66,-18.36,-9999
82340.50,208.50,968.50,2.92,100.00,21.75,32.47,33.89,-77.81,417.43,415.53,2.92,-11.68,-18.35,2.35
82340.75,208.75,-9999,-9999,-9999,21.74,32.53,-9999,-9999,-9999,-9999,-9999,-11.69,-18.33,-9999
82341.00,209.00,969.04,2.97,100.00,21.72,32.59,33.89,-77.81,412.86,411.02,2.97,-11.70,-18.30,2.35
82341.25,209.25,-9999,-9999,-9999,21.71,32.67,-9999,-9999,-9999,-9999,-9999,-11.72,-18.27,-9999
82341.50,209.50,969.59,3.00,100.00,21.69,32.74,33.89,-77.81,408.28,406.39,3.00,-11.73,-18.24,2.29
82341.75,209.75,-9999,-9999,-9999,21.67,32.82,-9999,-9999,-9999,-9999,-9999,-11.74,-18.21,-9999
