test/fixtures/IMPACTS-WISPER-CWC_P3_20200218_R0_SF07.ict
38, 1001
Toohey, Darin; Noone, David; Wein, Emily
University of Colorado; Atmospheric Investigations
WISPER: Condensed water concentration (ice + liquid water) from cavity ringdown spectrometer measurements of vaporized condensed water particles in heated counterflow virtual impactor inlet.
NASA IMPACTS Mission 2020
1,1
2020, 02, 18, 2021, 10, 03
1.0
Start_UTC, seconds, seconds since start of day of record
6
1, 1, 1, 1, 1, 1
-9999, -9999, -9999, -9999, -9999, -9999
CWC, g/(m^3), condensed water concentration (ice + liquid water)
H2O_VAP, ppm, water vapor mixing ratio
DELTAD_C, permil, HDO/H2(16)O ratio in condensed water
DELTAO18_C, permil, H2(18)O/H2(16)O ratio in condensed water
DELTAD_V, permil, HDO/H2(16)O ratio in water vapor
DELTAO18_V, permil, H2(18)O/H2(16)O ratio in water vapor
0
18
PI_CONTACT_INFO:  University of Colorado - ATOC; 4001 Discovery Drive, Boulder, CO 80303; toohey@colorado.edu
PLATFORM: NASA P3 (ORION)- sampling from CVI inlet and a backward facing pick off tube on port side of fuselage
LOCATION: Aircraft location data available TBD
ASSOCIATED_DATA: N/A
INSTRUMENT_INFO: TBD
DATA_INFO: Condensed water concentration is corrected for inertial enhancement of particle concentrations in subisokinetic inlet.
UNCERTAINTY:  The uncertainty is estimated to be +/- 10% CWC (1-sigma); Contact PIs for uncertainties in water vapor and isotopologue ratios
ULOD_FLAG: -7777
ULOD_VALUE: N/A
LLOD_FLAG: -8888
LLOD_VALUE: N/A
DM_CONTACT_INFO: TBD
PROJECT_INFO:  IMPACTS Mission Jan – Feb, 2020; based in Wallops Island, Virgnia.
STIPULATIONS_ON_USE: Please consult IMPACTS data policy
OTHER_COMMENTS: none.
REVISION: R0
R0: Post-mission calibrations for H2O and isotopologues applied. Additional QA/QC is needed for water vapor and isotopologues to account for condensation and icing on vapor phase inlet.
Start_UTC, CWC, H2O_VAP, DELTAD_C, DELTAO18_C, DELTAD_V, DELTAO18_V
[from data line 17418]
79935,0.007574916,8133.757984,-9999,-9999,-146,-19.68
79936,0.007904884,8133.757984,-9999,-9999,-146,-19.68
79937,0.007776083,8132.780933,-9999,-9999,-144.48,-20.21
79938,0.007662748,8117.785621,-9999,-9999,-147.3,-20.39
79939,0.007842247,8117.785621,-9999,-9999,-147.3,-20.39
79940,0.007940697,8118.015006,-9999,-9999,-145.27,-20.54
79941,0.007943974,8124.641765,-9999,-9999,-148.57,-20.43
79942,0.008196252,8124.641765,-9999,-9999,-148.57,-20.43
79943,0.00807246,8132.33064,-9999,-9999,-143.86,-20.07
79944,0.007785269,8140.36801,-9999,-9999,-144.64,-19.63
79945,0.007825263,8140.36801,-9999,-9999,-144.64,-19.63
79946,0.007763848,8132.594019,-9999,-9999,-143,-20.74
79947,0.008078057,8126.493878,-9999,-9999,-145.3,-20.45
79948,0.00799954,8126.493878,-9999,-9999,-145.3,-20.45
79949,0.007860406,8126.493878,-9999,-9999,-145.3,-20.45
79950,0.00804709,8131.132695,-9999,-9999,-143.87,-19.88
79951,0.0079111,8131.132695,-9999,-9999,-143.87,-19.88
79952,0.007923661,8134.208278,-9999,-9999,-144.66,-20.48
79953,0.00786382,8128.609376,-9999,-9999,-145.44,-20.65
79954,0.007820605,8128.609376,-9999,-9999,-145.44,-20.65
79955,0.007623452,8131.005255,-9999,-9999,-145.83,-20.22
79956,0.007588804,8128.753808,-9999,-9999,-142.11,-20.64
79957,0.007594765,8128.753808,-9999,-9999,-142.11,-20.64
79958,0.007538855,8129.23808,-9999,-9999,-144.36,-20.96
79959,0.007542185,8123.919612,-9999,-9999,-145.74,-20.2
79960,0.007407646,8123.919612,-9999,-9999,-145.74,-20.2
79961,0.00747885,8122.670717,-9999,-9999,-145.06,-20.09
79962,0.007511556,8113.971039,-9999,-9999,-145.45,-20.23
79963,0.007101941,8113.971039,-9999,-9999,-145.45,-20.23
79964,0.007345958,8127.929697,-9999,-9999,-146.95,-19.72
79965,0.007471854,8115.432299,-9999,-9999,-146.54,-20.27
79966,0.007499383,8115.432299,-9999,-9999,-146.54,-20.27
79967,0.007579346,8113.690681,-9999,-9999,-143.2,-20.67
79968,0.007331727,8103.258119,-9999,-9999,-147.53,-21.25
79969,0.006924488,8103.258119,-9999,-9999,-147.53,-21.25
79970,0.006976167,8102.425565,-9999,-9999,-145.38,-17.72
79971,0.007219152,8102.425565,-9999,-9999,-145.38,-17.72
79972,0.007663887,8106.91968,-9999,-9999,-139.82,-19.6
79973,0.007251723,8109.459854,-9999,-9999,-144.96,-19.46
79974,0.007143716,8109.459854,-9999,-9999,-144.96,-19.46
79975,0.007030823,8084.330679,-9999,-9999,-145.34,-20.76
79976,0.007493578,8100.463122,-9999,-9999,-145.16,-19.93
79977,0.007760041,8100.463122,-9999,-9999,-145.16,-19.93
79978,0.007157798,8102.646446,-9999,-9999,-142.22,-20.09
79979,0.006928083,8102.646446,-9999,-9999,-142.22,-20.09
79980,0.007239493,8084.950819,-9999,-9999,-144.44,-20.18
79981,0.007506286,8084.950819,-9999,-9999,-144.44,-20.18
79982,0.007134116,8076.710683,-9999,-9999,-144.39,-20.39
79983,0.007318429,8054.284778,-9999,-9999,-142.99,-18.71
79984,0.00733132,8054.284778,-9999,-9999,-142.99,-18.71
79985,0.007316968,8082.52973,-9999,-9999,-146.23,-19.14
79986,0.007507598,8082.52973,-9999,-9999,-146.23,-19.14
79987,0.007504517,8066.61887,-9999,-9999,-149.43,-20.52
79988,0.007695259,8066.389514,-9999,-9999,-147.22,-20.56
79989,0.007688432,8066.389514,-9999,-9999,-147.22,-20.56
79990,0.007680212,8076.311423,-9999,-9999,-144.52,-19.21
79991,0.007401435,8064.028,-9999,-9999,-148.02,-20.33
79992,0.007572232,8064.028,-9999,-9999,-148.02,-20.33
79993,0.007595358,8059.602322,-9999,-9999,-145.13,-19.98
79994,0.007873904,8060.944461,-9999,-9999,-146.95,-20.44
79995,0.007770407,8060.944461,-9999,-9999,-146.95,-20.44
79996,0.007416859,8042.893918,-9999,-9999,-146.27,-21.05
79997,0.007560002,8043.106273,-9999,-9999,-149.02,-20.68
79998,0.007927029,8043.106273,-9999,-9999,-149.02,-20.68
79999,0.00826167,8062.753807,-9999,-9999,-147.02,-19.84
80000,0.008103119,8071.240005,-9999,-9999,-149,-19.55
80001,0.007869222,8071.240005,-9999,-9999,-149,-19.55
80002,0.007324699,8071.061615,-9999,-9999,-146.56,-20.07
80003,0.007669001,8063.926064,-9999,-9999,-145.99,-20.21
80004,0.007846111,8063.926064,-9999,-9999,-145.99,-20.21
80005,0.007762584,8070.297085,-9999,-9999,-146.9,-19.82
80006,0.007699198,8070.297085,-9999,-9999,-146.9,-19.82
80007,0.007474219,8068.589642,-9999,-9999,-146.9,-19.98
80008,0.008173761,8068.589642,-9999,-9999,-146.9,-19.98
80009,0.008134489,8080.754275,-9999,-9999,-147.05,-20.02
80010,0.008531708,8080.754275,-9999,-9999,-147.05,-20.02
80011,0.008457728,8085.536979,-9999,-9999,-147.23,-19.76
80012,0.009150953,8085.12072,-9999,-9999,-144.95,-19.66
80013,0.00986915,8085.12072,-9999,-9999,-144.95,-19.66
80014,0.009678186,8089.402262,-9999,-9999,-145.9,-19.73
80015,0.009291768,8089.920467,-9999,-9999,-146.55,-21.1
80016,0.009694329,8089.920467,-9999,-9999,-146.55,-21.1
80017,0.01089574,8096.274911,91.51,33.35,-146.24,-19.83
80018,0.011048487,8103.776343,45.93,32.64,-148.69,-19.65
80019,0.01097049,8103.776343,-18.38,33.44,-148.69,-19.65
80020,0.011303475,8101.287177,48.86,30.83,-148.87,-19.72
80021,0.011309659,8101.35514,46.32,30.24,-148.07,-20.05
80022,0.011645966,8101.35514,45.16,31.2,-148.07,-20.05
80023,0.011702216,8105.534909,35.67,32.21,-145.7,-20.02
80024,0.012204136,8110.60676,19.74,35.94,-147.44,-19.62
80025,0.012713769,8110.60676,25.72,29.24,-147.44,-19.62
80026,0.012928598,8113.724664,-33.34,33.97,-146.64,-19.98
80027,0.012623737,8113.86909,195.39,45.31,-146.92,-19.52
80028,0.013471436,8113.86909,197.57,25.91,-146.92,-19.52
