test/fixtures/IMPACTS_AVAPS_P3B_202002202248_R0.ict
100, 1001
Thornhill, Lee
NASA Langley
AVAPS NRD41
IMPACTS
1,1
2020, 02, 20, 2020, 05, 07
0.25
Time_Start, seconds, Time_Start, Starting time of the sampling period in UTC seconds from midnight
14
1, 1, 1, 1, 1, 1, 1, 1, 1, 1, 1, 1, 1, 1
-9999, -9999, -9999, -9999, -9999, -9999, -9999, -9999, -9999, -9999, -9999, -9999, -9999, -9999
TimeFLStart, seconds, None, Starting time of the sampling period from the launch
Pressure, mb, Met_StaticPressure_InSitu_None, Static air pressure
Temperature, deg C, Met_StaticAirTemperature_InSitu_None, Static air Temperature
RH, %, Met_RelativeHumidityWater_InSitu_None, Relative humidity over water
Speed, m/s, Met_WindSpeed_InSitu_None, Wind Speed
Direction, deg, Met_WindDirection_InSitu_None, Wind Direction
Latitude, deg, Platform_Latitude_InSitu_None, Sonde latitude
Longitude, deg, Platform_longitude_InSitu_None, Sonde longitude
Altitude, m, Platform_AltitudePressure_InSitu_None, Sonde pressure altitude
GPS Altitude, m, Platform_AltitudeMSL_InSitu_None, Sonde altitude over mean sea level
Dewpoint, deg C, Met_DewPoint_InSitu_None, Dew Point Temperature
Uwnd, m/s, Met_UWindSpeed_InSitu_None, East-West wind speed
Vwnd, m/s, Met_VWindSpeed_InSitu_None, North-South wind speed
Ascent, m/s, Met_WWindSpeed_InSitu_None, Vertical wind speed
54
Launch Time: 2020-02-20 22:48:52
QCSoftware: Aspen V3.4.3-13
ChuteArea: 400
DragCoef: 0.52
DropSondeMass: 169
DropSondeHitSfc: 1
GPSAltBuddySlope: 50
GPSAltQCDev: 50
GPSAltQCWL: 30
GPSPosBuddySlope: 0.001
GPSPosQCDev: 20
GPSPosQCWL: 30
PosInterpSpan: 60
PresBuddySlope: 2
PresEquilTime: 3.53
PresOffset: 0
PresOutlier: 10
PresQCDev: 3
PresQCWL: 10
PresSmoothWL: 5
RHBuddySlope: 7
RHEquilTime: 8.09
RHEquilTimeOverride: 0
RHOffset: 0
RHOutlier: 10
RHQCDev: 3
RHQCWL: 10
RHSmoothWL: 5
RHThreshold: 0
RHchoice: 0
Sonde Serial Number: 190510704
TdryBuddySlope: 3
TdryDynCor: 1
TdryDynCorWL: 20
TdryEquilTime: 3.53
TdryEquilTimeOverride: 0
TdryOffset: 0
TdryOutlier: 10
TdryOutlier: 10
TdryQCWL: 10
TdrySmoothWL: 5
WindBuddySlope: 1.5
WindDynCor: 1
WindDynCorWL: 10
WindEquilTime: 10
WindErrorHigh: 999
WindErrorLow: 999
WindOutlier: 999
WindQCDev: 999
WindQCWL: 30
WindSats: 7
WindSmoothWL: 10
WindVVPresWL: 5
WindVVdelta: 2.5
18
PI_CONTACT_INFO: kenneth.l.thornhill@nasa.gov
PLATFORM NASA P-3, N426NA
LOCATION: Launch latitude, longitude, and elevation data are included in the corresponding "MetNav" files.
ASSOCIATED_DATA: N/A
INSTRUMENT_INFO: AVAPS NRD41, Serial Number: 190510704
DATA_INFO: 4 Hz data at a constant 0.25 second interval for winds; 2 Hz, 0.5 second interval for thermodynamics
UNCERTAINTY: Contact PI
ULOD_FLAG: -77777
ULOD_VALUE: N/A
LLOD_FLAG: -88888
LLOD_VALUE: N/A
DM_CONTACT_INFO: Claire Robinson, claire.e.robinson@nasa.gov
PROJECT_INFO: IMPACTS
OTHER_COMMENTS: Final QC by Holger Vömel at NCAR, check data report for more information.
STIPULATIONS_ON_USE: Users are strongly encouraged to consult with the PI for proper data use.
REVISION: R0
R0: Final Data
Time_Start,TimeFLStart,Pressure,Temperature,RH,Speed,Direction,Latitude,Longitude,Altitude,GPS Altitude,Dewpoint,Uwnd,Vwnd,Ascent
[from data line 510]
82259.50,127.50,860.40,6.70,98.97,11.62,67.75,33.90,-77.80,1389.74,1390.05,6.55,-10.76,-4.40,-1.81
82259.75,127.75,-9999,-9999,-9999,11.62,67.67,-9999,-9999,-9999,-9999,-9999,-10.74,-4.41,-9999
82260.00,128.00,861.12,6.74,98.88,11.61,67.59,33.90,-77.80,1382.80,1382.98,6.58,-10.73,-4.43,-1.67
82260.25,128.25,-9999,-9999,-9999,11.60,67.50,-9999,-9999,-9999,-9999,-9999,-10.72,-4.44,-9999
82260.50,128.50,861.84,6.78,98.74,11.60,67.42,33.90,-77.80,1375.95,1375.87,6.60,-10.71,-4.45,-1.54
82260.75,128.75,-9999,-9999,-9999,11.59,67.33,-9999,-9999,-9999,-9999,-9999,-10.70,-4.47,-9999
82261.00,129.00,862.55,6.83,98.57,11.59,67.25,33.90,-77.80,1369.14,1368.81,6.62,-10.69,-4.48,-1.48
82261.25,129.25,-9999,-9999,-9999,11.59,67.18,-9999,-9999,-9999,-9999,-9999,-10.68,-4.50,-9999
82261.50,129.50,863.26,6.87,98.40,11.59,67.11,33.90,-77.80,1362.36,1361.88,6.64,-10.68,-4.51,-1.48
82261.75,129.75,-9999,-9999,-9999,11.59,67.04,-9999,-9999,-9999,-9999,-9999,-10.68,-4.52,-9999
82262.00,130.00,863.98,6.92,98.27,11.60,66.98,33.90,-77.80,1355.55,1355.14,6.66,-10.67,-4.53,-1.51
82262.25,130.25,-9999,-9999,-9999,11.60,66.93,-9999,-9999,-9999,-9999,-9999,-10.67,-4.55,-9999
82262.50,130.50,864.70,6.96,98.19,11.61,66.89,33.90,-77.80,1348.66,1348.48,6.70,-10.68,-4.56,-1.55
82262.75,130.75,-9999,-9999,-9999,11.61,66.86,-9999,-9999,-9999,-9999,-9999,-10.68,-4.56,-9999
82263.00,131.00,865.43,7.00,98.17,11.62,66.84,33.90,-77.80,1341.74,1341.84,6.74,-10.68,-4.57,-1.56
82263.25,131.25,-9999,-9999,-9999,11.62,66.83,-9999,-9999,-9999,-9999,-9999,-10.69,-4.57,-9999
82263.50,131.50,866.15,7.05,98.20,11.63,66.84,33.90,-77.80,1334.87,1335.12,6.78,-10.69,-4.57,-1.52
82263.75,131.75,-9999,-9999,-9999,11.63,66.85,-9999,-9999,-9999,-9999,-9999,-10.70,-4.57,-9999
82264.00,132.00,866.86,7.09,98.19,11.64,66.88,33.90,-77.80,1328.07,1328.38,6.82,-10.70,-4.57,-1.46
82264.25,132.25,-9999,-9999,-9999,11.64,66.91,-9999,-9999,-9999,-9999,-9999,-10.71,-4.56,-9999
82264.50,132.50,867.58,7.13,98.09,11.64,66.96,33.90,-77.80,1321.30,1321.67,6.85,-10.71,-4.56,-1.38
82264.75,132.75,-9999,-9999,-9999,11.64,67.02,-9999,-9999,-9999,-9999,-9999,-10.72,-4.54,-9999
82265.00,133.00,868.29,7.17,97.91,11.64,67.09,33.90,-77.80,1314.56,1314.85,6.86,-10.72,-4.53,-1.30
82265.25,133.25,-9999,-9999,-9999,11.64,67.17,-9999,-9999,-9999,-9999,-9999,-10.73,-4.52,-9999
82265.50,133.50,869.00,7.21,97.69,11.64,67.26,33.90,-77.80,1307.83,1308.08,6.87,-10.74,-4.50,-1.22
82265.75,133.75,-9999,-9999,-9999,11.64,67.35,-9999,-9999,-9999,-9999,-9999,-10.75,-4.48,-9999
82266.00,134.00,869.70,7.25,97.48,11.65,67.45,33.90,-77.80,1301.15,1301.29,6.89,-10.76,-4.47,-1.15
82266.25,134.25,-9999,-9999,-9999,11.65,67.56,-9999,-9999,-9999,-9999,-9999,-10.77,-4.45,-9999
82266.50,134.50,870.40,7.30,97.31,11.65,67.68,33.90,-77.80,1294.53,1294.53,6.90,-10.78,-4.43,-1.09
82266.75,134.75,-9999,-9999,-9999,11.66,67.80,-9999,-9999,-9999,-9999,-9999,-10.79,-4.41,-9999
82267.00,135.00,871.09,7.34,97.18,11.66,67.92,33.90,-77.80,1287.97,1287.85,6.93,-10.81,-4.38,-1.07
82267.25,135.25,-9999,-9999,-9999,11.67,68.04,-9999,-9999,-9999,-9999,-9999,-10.82,-4.36,-9999
82267.50,135.50,871.79,7.38,97.10,11.68,68.16,33.90,-77.80,1281.38,1281.05,6.96,-10.84,-4.34,-1.11
82267.75,135.75,-9999,-9999,-9999,11.68,68.28,-9999,-9999,-9999,-9999,-9999,-10.85,-4.32,-9999
82268.00,136.00,872.49,7.42,97.06,11.69,68.39,33.90,-77.80,1274.74,1274.27,6.99,-10.87,-4.31,-1.17
82268.25,136.25,-9999,-9999,-9999,11.70,68.49,-9999,-9999,-9999,-9999,-9999,-10.88,-4.29,-9999
82268.50,136.50,873.20,7.46,97.03,11.71,68.58,33.90,-77.80,1268.06,1267.50,7.03,-10.90,-4.28,-1.25
82268.75,136.75,-9999,-9999,-9999,11.72,68.67,-9999,-9999,-9999,-9999,-9999,-10.91,-4.26,-9999
82269.00,137.00,873.91,7.50,96.99,11.73,68.74,33.90,-77.80,1261.36,1260.85,7.06,-10.93,-4.25,-1.32
82269.25,137.25,-9999,-9999,-9999,11.74,68.80,-9999,-9999,-9999,-9999,-9999,-10.94,-4.24,-9999
82269.50,137.50,874.62,7.54,96.95,11.75,68.86,33.90,-77.80,1254.65,1254.25,7.09,-10.96,-4.24,-1.39
82269.75,137.75,-9999,-9999,-9999,11.76,68.90,-9999,-9999,-9999,-9999,-9999,-10.97,-4.23,-9999
82270.00,138.00,875.33,7.58,96.92,11.76,68.94,33.90,-77.80,1247.91,1247.64,7.13,-10.98,-4.23,-1.43
82270.25,138.25,-9999,-9999,-9999,11.77,68.97,-9999,-9999,-9999,-9999,-9999,-10.99,-4.23,-9999
82270.50,138.50,876.05,7.63,96.88,11.78,68.99,33.90,-77.80,1241.11,1240.99,7.17,-11.00,-4.22,-1.42
82270.75,138.75,-9999,-9999,-9999,11.79,69.00,-9999,-9999,-9999,-9999,-9999,-11.01,-4.22,-9999
82271.00,139.00,876.78,7.67,96.83,11.80,69.01,33.90,-77.80,1234.29,1234.31,7.21,-11.01,-4.22,-1.32
82271.25,139.25,-9999,-9999,-9999,11.80,69.02,-9999,-9999,-9999,-9999,-9999,-11.02,-4.23,-9999
82271.50,139.50,877.49,7.72,96.75,11.80,69.02,33.90,-77.80,1227.57,1227.65,7.24,-11.02,-4.23,-1.14
82271.75,139.75,-9999,-9999,-9999,11.81,69.01,-9999,-9999,-9999,-9999,-9999,-11.02,-4.23,-9999
82272.00,140.00,878.19,7.77,96.61,11.81,69.01,33.90,-77.80,1221.00,1221.22,7.27,-11.02,-4.23,-0.95
82272.25,140.25,-9999,-9999,-9999,11.80,69.00,-9999,-9999,-9999,-9999,-9999,-11.02,-4.23,-9999
82272.50,140.50,878.87,7.81,96.39,11.80,68.98,33.90,-77.80,1214.58,1214.69,7.28,-11.01,-4.23,-0.79
82272.75,140.75,-9999,-9999,-9999,11.79,68.97,-9999,-9999,-9999,-9999,-9999,-11.00,-4.23,-9999
82273.00,141.00,879.55,7.85,96.09,11.78,68.96,33.90,-77.80,1208.24,1208.17,7.27,-10.99,-4.23,-0.73
82273.25,141.25,-9999,-9999,-9999,11.77,68.95,-9999,-9999,-9999,-9999,-9999,-10.98,-4.23,-9999
82273.50,141.50,880.23,7.90,95.78,11.75,68.94,33.90,-77.80,1201.87,1201.61,7.27,-10.97,-4.22,-0.78
82273.75,141.75,-9999,-9999,-9999,11.74,68.93,-9999,-9999,-9999,-9999,-9999,-10.95,-4.22,-9999
82274.00,142.00,880.91,7.94,95.52,11.72,68.93,33.90,-77.80,1195.41,1195.03,7.27,-10.94,-4.21,-0.89
82274.25,142.25,-9999,-9999,-9999,11.71,68.93,-9999,-9999,-9999,-9999,-9999,-10.92,-4.21,-9999
82274.50,142.50,881.61,7.98,95.33,11.69,68.93,33.90,-77.80,1188.87,1188.45,7.29,-10.91,-4.20,-1.03
82274.75,142.75,-9999,-9999,-9999,11.67,68.95,-9999,-9999,-9999,-9999,-9999,-10.89,-4.19,-9999
82275.00,143.00,882.31,8.03,95.23,11.66,68.96,33.90,-77.80,1182.29,1181.82,7.31,-10.88,-4.19,-1.18
82275.25,143.25,-9999,-9999,-9999,11.64,68.98,-9999,-9999,-9999,-9999,-9999,-10.87,-4.18,-9999
82275.50,143.50,883.02,8.06,95.18,11.63,69.00,33.90,-77.80,1175.64,1175.16,7.34,-10.86,-4.17,-1.28
82275.75,143.75,-9999,-9999,-9999,11.62,69.03,-9999,-9999,-9999,-9999,-9999,-10.85,-4.16,-9999
82276.00,144.00,883.74,8.10,95.15,11.61,69.06,33.90,-77.80,1168.92,1168.44,7.37,-10.84,-4.15,-1.33
82276.25,144.25,-9999,-9999,-9999,11.60,69.10,-9999,-9999,-9999,-9999,-9999,-10.84,-4.14,-9999
82276.50,144.50,884.46,8.13,95.13,11.60,69.13,33.90,-77.80,1162.18,1161.80,7.40,-10.84,-4.13,-1.29
82276.75,144.75,-9999,-9999,-9999,11.59,69.17,-9999,-9999,-9999,-9999,-9999,-10.84,-4.12,-9999
82277.00,145.00,885.18,8.17,95.12,11.59,69.20,33.90,-77.80,1155.50,1155.14,7.44,-10.84,-4.12,-1.18
82277.25,145.25,-9999,-9999,-9999,11.60,69.24,-9999,-9999,-9999,-9999,-9999,-10.84,-4.11,-9999
82277.50,145.50,885.88,8.20,95.14,11.60,69.27,33.90,-77.80,1148.92,1148.52,7.47,-10.85,-4.11,-1.03
82277.75,145.75,-9999,-9999,-9999,11.61,69.29,-9999,-9999,-9999,-9999,-9999,-10.86,-4.11,-9999
82278.00,146.00,886.57,8.23,95.20,11.62,69.31,33.90,-77.80,1142.46,1142.06,7.51,-10.87,-4.11,-0.88
82278.25,146.25,-9999,-9999,-9999,11.64,69.32,-9999,-9999,-9999,-9999,-9999,-10.89,-4.11,-9999
82278.50,146.50,887.26,8.26,95.31,11.66,69.32,33.90,-77.80,1136.07,1135.53,7.56,-10.90,-4.12,-0.79
82278.75,146.75,-9999,-9999,-9999,11.68,69.30,-9999,-9999,-9999,-9999,-9999,-10.92,-4.13,-9999
82279.00,147.00,887.94,8.29,95.47,11.70,69.28,33.90,-77.80,1129.69,1129.03,7.61,-10.95,-4.14,-0.75
82279.25,147.25,-9999,-9999,-9999,11.73,69.24,-9999,-9999,-9999,-9999,-9999,-10.97,-4.16,-9999
82279.50,147.50,888.63,8.31,95.66,11.76,69.19,33.90,-77.80,1123.30,1122.66,7.67,-11.00,-4.18,-0.74
82279.75,147.75,-9999,-9999,-9999,11.80,69.13,-9999,-9999,-9999,-9999,-9999,-11.03,-4.20,-9999
82280.00,148.00,889.32,8.33,95.87,11.84,69.05,33.90,-77.80,1116.90,1116.29,7.72,-11.06,-4.23,-0.75
82280.25,148.25,-9999,-9999,-9999,11.88,68.96,-9999,-9999,-9999,-9999,-9999,-11.09,-4.27,-9999
82280.50,148.50,890.00,8.34,96.06,11.93,68.86,33.90,-77.80,1110.50,1109.84,7.76,-11.13,-4.30,-0.76
82280.75,148.75,-9999,-9999,-9999,11.98,68.75,-9999,-9999,-9999,-9999,-9999,-11.17,-4.34,-9999
82281.00,149.00,890.69,8.35,96.18,12.03,68.64,33.90,-77.80,1104.09,1103.47,7.79,-11.21,-4.38,-0.76
82281.25,149.25,-9999,-9999,-9999,12.09,68.53,-9999,-9999,-9999,-9999,-9999,-11.25,-4.43,-9999
82281.50,149.50,891.38,8.36,96.20,12.15,68.42,33.90,-77.80,1097.70,1097.14,7.80,-11.30,-4.47,-0.75
82281.75,149.75,-9999,-9999,-9999,12.22,68.31,-9999,-9999,-9999,-9999,-9999,-11.36,-4.52,-9999
82282.00,150.00,892.07,8.37,96.17,12.29,68.21,33.90,-77.80,1091.33,1090.78,7.80,-11.41,-4.56,-0.74
82282.25,150.25,-9999,-9999,-9999,12.36,68.11,-9999,-9999,-9999,-9999,-9999,-11.47,-4.61,-9999
82282.50,150.50,892.75,8.38,96.12,12.44,68.02,33.90,-77.80,1084.96,1084.32,7.80,-11.53,-4.66,-0.73
82282.75,150.75,-9999,-9999,-9999,12.52,67.94,-9999,-9999,-9999,-9999,-9999,-11.60,-4.70,-9999
82283.00,151.00,893.44,8.39,96.08,12.60,67.87,33.90,-77.80,1078.61,1077.85,7.80,-11.67,-4.75,-0.73
82283.25,151.25,-9999,-9999,-9999,12.68,67.81,-9999,-9999,-9999,-9999,-9999,-11.74,-4.79,-9999
82283.50,151.50,894.13,8.39,96.06,12.76,67.77,33.90,-77.80,1072.25,1071.45,7.81,-11.81,-4.83,-0.74
82283.75,151.75,-9999,-9999,-9999,12.84,67.73,-9999,-9999,-9999,-9999,-9999,-11.89,-4.87,-9999
82284.00,152.00,894.82,8.40,96.04,12.93,67.71,33.90,-77.80,1065.86,1064.97,7.81,-11.96,-4.90,-0.74
82284.25,152.25,-9999,-9999,-9999,13.01,67.69,-9999,-9999,-9999,-9999,-9999,-12.04,-4.94,-9999
82284.50,152.50,895.51,8.41,95.98,13.09,67.69,33.90,-77.80,1059.47,1058.59,7.81,-12.11,-4.97,-0.74
82284.75,152.75,-9999,-9999,-9999,13.17,67.69,-9999,-9999,-9999,-9999,-9999,-12.19,-5.00,-9999
82285.00,153.00,896.19,8.41,95.92,13.26,67.69,33.90,-77.80,1053.13,1052.21,7.81,-12.26,-5.03,-0.73
82285.25,153.25,-9999,-9999,-9999,13.34,67.70,-9999,-9999,-9999,-9999,-9999,-12.34,-5.06,-9999
82285.50,153.50,896.88,8.42,95.88,13.42,67.70,33.90,-77.80,1046.81,1045.80,7.81,-12.41,-5.09,-0.72
82285.75,153.75,-9999,-9999,-9999,13.50,67.71,-9999,-9999,-9999,-9999,-9999,-12.49,-5.12,-9999
82286.00,154.00,897.56,8.43,95.84,13.58,67.72,33.90,-77.80,1040.46,1039.42,7.81,-12.56,-5.15,-0.72
82286.25,154.25,-9999,-9999,-9999,13.65,67.72,-9999,-9999,-9999,-9999,-9999,-12.63,-5.18,-9999
82286.50,154.50,898.26,8.44,95.77,13.73,67.72,33.90,-77.80,1034.09,1033.05,7.81,-12.70,-5.20,-0.68
82286.75,154.75,-9999,-9999,-9999,13.80,67.72,-9999,-9999,-9999,-9999,-9999,-12.77,-5.23,-9999
82287.00,155.00,898.94,8.45,95.69,13.87,67.73,33.90,-77.80,1027.75,1026.74,7.81,-12.84,-5.26,-0.63
82287.25,155.25,-9999,-9999,-9999,13.94,67.73,-9999,-9999,-9999,-9999,-9999,-12.90,-5.28,-9999
82287.50,155.50,899.63,8.47,95.63,14.00,67.74,33.90,-77.80,1021.46,1020.47,7.81,-12.96,-5.30,-0.56
82287.75,155.75,-9999,-9999,-9999,14.06,67.75,-9999,-9999,-9999,-9999,-9999,-13.01,-5.32,-9999
82288.00,156.00,900.31,8.49,95.61,14.11,67.77,33.90,-77.80,1015.22,1014.20,7.84,-13.06,-5.34,-0.49
82288.25,156.25,-9999,-9999,-9999,14.16,67.80,-9999,-9999,-9999,-9999,-9999,-13.11,-5.35,-9999
82288.50,156.50,900.98,8.52,95.63,14.21,67.83,33.90,-77.80,1009.03,1007.96,7.87,-13.16,-5.36,-0.48
82288.75,156.75,-9999,-9999,-9999,14.25,67.87,-9999,-9999,-9999,-9999,-9999,-13.20,-5.37,-9999
82289.00,157.00,901.65,8.55,95.68,14.29,67.92,33.90,-77.80,1002.87,1001.76,7.90,-13.24,-5.37,-0.52
82289.25,157.25,-9999,-9999,-9999,14.32,67.97,-9999,-9999,-9999,-9999,-9999,-13.27,-5.37,-9999
82289.50,157.50,902.32,8.58,95.72,14.35,68.04,33.90,-77.80,996.69,995.51,7.94,-13.31,-5.37,-0.60
82289.75,157.75,-9999,-9999,-9999,14.38,68.10,-9999,-9999,-9999,-9999,-9999,-13.34,-5.36,-9999
82290.00,158.00,903.01,8.62,95.76,14.41,68.17,33.90,-77.80,990.39,989.20,7.98,-13.37,-5.36,-0.69
82290.25,158.25,-9999,-9999,-9999,14.43,68.25,-9999,-9999,-9999,-9999,-9999,-13.40,-5.35,-9999
82290.50,158.50,903.71,8.65,95.77,14.45,68.33,33.90,-77.80,983.96,982.97,8.02,-13.43,-5.34,-0.70
82290.75,158.75,-9999,-9999,-9999,14.47,68.41,-9999,-9999,-9999,-9999,-9999,-13.45,-5.32,-9999
82291.00,159.00,904.41,8.68,95.74,14.48,68.50,33.90,-77.80,977.56,976.80,8.04,-13.48,-5.31,-0.59
82291.25,159.25,-9999,-9999,-9999,14.50,68.58,-9999,-9999,-9999,-9999,-9999,-13.50,-5.29,-9999
82291.50,159.50,905.09,8.71,95.69,14.52,68.68,33.90,-77.80,971.29,970.72,8.07,-13.52,-5.28,-0.43
82291.75,159.75,-9999,-9999,-9999,14.53,68.77,-9999,-9999,-9999,-9999,-9999,-13.55,-5.26,-9999
82292.00,160.00,905.76,8.75,95.64,14.55,68.87,33.90,-77.80,965.21,964.61,8.09,-13.57,-5.25,-0.24
82292.25,160.25,-9999,-9999,-9999,14.56,68.96,-9999,-9999,-9999,-9999,-9999,-13.59,-5.23,-9999
82292.50,160.50,906.40,8.78,95.56,14.58,69.06,33.90,-77.80,959.28,958.53,8.12,-13.62,-5.21,-0.12
82292.75,160.75,-9999,-9999,-9999,14.60,69.16,-9999,-9999,-9999,-9999,-9999,-13.64,-5.19,-9999
82293.00,161.00,907.05,8.82,95.46,14.62,69.26,33.90,-77.80,953.34,952.55,8.14,-13.67,-5.18,-0.09
82293.25,161.25,-9999,-9999,-9999,14.64,69.36,-9999,-9999,-9999,-9999,-9999,-13.70,-5.16,-9999
82293.50,161.50,907.71,8.86,95.33,14.66,69.46,33.90,-77.80,947.31,946.53,8.16,-13.72,-5.14,-0.10
82293.75,161.75,-9999,-9999,-9999,14.68,69.55,-9999,-9999,-9999,-9999,-9999,-13.75,-5.13,-9999
82294.00,162.00,908.38,8.90,95.18,14.70,69.64,33.90,-77.80,941.23,940.37,8.18,-13.78,-5.11,-0.10
82294.25,162.25,-9999,-9999,-9999,14.73,69.73,-9999,-9999,-9999,-9999,-9999,-13.82,-5.10,-9999
82294.50,162.50,909.04,8.94,95.00,14.76,69.81,33.90,-77.80,935.16,934.15,8.19,-13.85,-5.09,-0.07
82294.75,162.75,-9999,-9999,-9999,14.79,69.89,-9999,-9999,-9999,-9999,-9999,-13.89,-5.08,-9999
82295.00,163.00,909.70,8.98,94.80,14.83,69.97,33.90,-77.80,929.17,928.01,8.20,-13.93,-5.08,-0.02
82295.25,163.25,-9999,-9999,-9999,14.86,70.03,-9999,-9999,-9999,-9999,-9999,-13.97,-5.08,-9999
82295.50,163.50,910.35,9.02,94.59,14.90,70.10,33.90,-77.80,923.29,922.04,8.21,-14.01,-5.07,0.01
82295.75,163.75,-9999,-9999,-9999,14.95,70.15,-9999,-9999,-9999,-9999,-9999,-14.06,-5.08,-9999
82296.00,164.00,910.99,9.05,94.37,15.00,70.19,33.90,-77.80,917.41,916.13,8.20,-14.11,-5.08,-0.04
82296.25,164.25,-9999,-9999,-9999,15.05,70.22,-9999,-9999,-9999,-9999,-9999,-14.16,-5.09,-9999
82296.50,164.50,911.65,9.07,94.16,15.10,70.24,33.90,-77.80,911.44,910.22,8.19,-14.21,-5.10,-0.11
82296.75,164.75,-9999,-9999,-9999,15.16,70.25,-9999,-9999,-9999,-9999,-9999,-14.26,-5.12,-9999
82297.00,165.00,912.31,9.09,93.95,15.21,70.24,33.90,-77.80,905.39,904.33,8.18,-14.32,-5.14,-0.17
82297.25,165.25,-9999,-9999,-9999,15.27,70.22,-9999,-9999,-9999,-9999,-9999,-14.37,-5.17,-9999
82297.50,165.50,912.98,9.10,93.76,15.33,70.19,33.90,-77.80,899.28,898.42,8.16,-14.42,-5.20,-0.19
82297.75,165.75,-9999,-9999,-9999,15.39,70.14,-9999,-9999,-9999,-9999,-9999,-14.47,-5.23,-9999
82298.00,166.00,913.65,9.11,93.59,15.44,70.08,33.90,-77.80,893.21,892.50,8.14,-14.52,-5.26,-0.15
82298.25,166.25,-9999,-9999,-9999,15.50,70.00,-9999,-9999,-9999,-9999,-9999,-14.56,-5.30,-9999
82298.50,166.50,914.31,9.12,93.44,15.55,69.92,33.90,-77.80,887.23,886.53,8.12,-14.60,-5.34,-0.07
82298.75,166.75,-9999,-9999,-9999,15.60,69.82,-9999,-9999,-9999,-9999,-9999,-14.64,-5.38,-9999
82299.00,167.00,914.96,9.13,93.32,15.65,69.71,33.90,-77.80,881.32,880.48,8.11,-14.68,-5.43,-0.01
82299.25,167.25,-9999,-9999,-9999,15.69,69.59,-9999,-9999,-9999,-9999,-9999,-14.71,-5.47,-9999
82299.50,167.50,915.61,9.13,93.21,15.73,69.46,33.90,-77.80,875.42,874.60,8.10,-14.73,-5.52,0.05
82299.75,167.75,-9999,-9999,-9999,15.77,69.33,-9999,-9999,-9999,-9999,-9999,-14.76,-5.57,-9999
82300.00,168.00,916.26,9.14,93.12,15.81,69.18,33.90,-77.80,869.52,868.68,8.10,-14.78,-5.62,0.11
82300.25,168.25,-9999,-9999,-9999,15.84,69.03,-9999,-9999,-9999,-9999,-9999,-14.80,-5.67,-9999
