test/fixtures/IMPACTS_AVAPS_P3B_202002202248_R0.ict
100, 1001
Thornhill, Lee
NASA Langley
AVAPS NRD41
IMPACTS
1,1
2020, 02, 20, 2020, 05, 07
0.25
Time_Start, seconds, Time_Start, Starting time of the sampling period in UTC seconds from midnight
14
1, 1, 1, 1, 1, 1, 1, 1, 1, 1, 1, 1, 1, 1
-9999, -9999, -9999, -9999, -9999, -9999, -9999, -9999, -9999, -9999, -9999, -9999, -9999, -9999
TimeFLStart, seconds, None, Starting time of the sampling period from the launch
Pressure, mb, Met_StaticPressure_InSitu_None, Static air pressure
Temperature, deg C, Met_StaticAirTemperature_InSitu_None, Static air Temperature
RH, %, Met_RelativeHumidityWater_InSitu_None, Relative humidity over water
Speed, m/s, Met_WindSpeed_InSitu_None, Wind Speed
Direction, deg, Met_WindDirection_InSitu_None, Wind Direction
Latitude, deg, Platform_Latitude_InSitu_None, Sonde latitude
Longitude, deg, Platform_longitude_InSitu_None, Sonde longitude
Altitude, m, Platform_AltitudePressure_InSitu_None, Sonde pressure altitude
GPS Altitude, m, Platform_AltitudeMSL_InSitu_None, Sonde altitude over mean sea level
Dewpoint, deg C, Met_DewPoint_InSitu_None, Dew Point Temperature
Uwnd, m/s, Met_UWindSpeed_InSitu_None, East-West wind speed
Vwnd, m/s, Met_VWindSpeed_InSitu_None, North-South wind speed
Ascent, m/s, Met_WWindSpeed_InSitu_None, Vertical wind speed
54
Launch Time: 2020-02-20 22:48:52
QCSoftware: Aspen V3.4.3-13
ChuteArea: 400
DragCoef: 0.52
DropSondeMass: 169
DropSondeHitSfc: 1
GPSAltBuddySlope: 50
GPSAltQCDev: 50
GPSAltQCWL: 30
GPSPosBuddySlope: 0.001
GPSPosQCDev: 20
GPSPosQCWL: 30
PosInterpSpan: 60
PresBuddySlope: 2
PresEquilTime: 3.53
PresOffset: 0
PresOutlier: 10
PresQCDev: 3
PresQCWL: 10
PresSmoothWL: 5
RHBuddySlope: 7
RHEquilTime: 8.09
RHEquilTimeOverride: 0
RHOffset: 0
RHOutlier: 10
RHQCDev: 3
RHQCWL: 10
RHSmoothWL: 5
RHThreshold: 0
RHchoice: 0
Sonde Serial Number: 190510704
TdryBuddySlope: 3
TdryDynCor: 1
TdryDynCorWL: 20
TdryEquilTime: 3.53
TdryEquilTimeOverride: 0
TdryOffset: 0
TdryOutlier: 10
TdryOutlier: 10
TdryQCWL: 10
TdrySmoothWL: 5
WindBuddySlope: 1.5
WindDynCor: 1
WindDynCorWL: 10
WindEquilTime: 10
WindErrorHigh: 999
WindErrorLow: 999
WindOutlier: 999
WindQCDev: 999
WindQCWL: 30
WindSats: 7
WindSmoothWL: 10
WindVVPresWL: 5
WindVVdelta: 2.5
18
PI_CONTACT_INFO: kenneth.l.thornhill@nasa.gov
PLATFORM NASA P-3, N426NA
LOCATION: Launch latitude, longitude, and elevation data are included in the corresponding "MetNav" files.
ASSOCIATED_DATA: N/A
INSTRUMENT_INFO: AVAPS NRD41, Serial Number: 190510704
DATA_INFO: 4 Hz data at a constant 0.25 second interval for winds; 2 Hz, 0.5 second interval for thermodynamics
UNCERTAINTY: Contact PI
ULOD_FLAG: -77777
ULOD_VALUE: N/A
LLOD_FLAG: -88888
LLOD_VALUE: N/A
DM_CONTACT_INFO: Claire Robinson, claire.e.robinson@nasa.gov
PROJECT_INFO: IMPACTS
OTHER_COMMENTS: Final QC by Holger Vömel at NCAR, check data report for more information.
STIPULATIONS_ON_USE: Users are strongly encouraged to consult with the PI for proper data use.
REVISION: R0
R0: Final Data
Time_Start,TimeFLStart,Pressure,Temperature,RH,Speed,Direction,Latitude,Longitude,Altitude,GPS Altitude,Dewpoint,Uwnd,Vwnd,Ascent
[from data line 342]
82217.50,85.50,800.06,4.20,100.00,7.09,72.74,33.90,-77.80,1985.33,1987.13,4.20,-6.77,-2.10,-1.43
82217.75,85.75,-9999,-9999,-9999,7.11,72.66,-9999,-9999,-9999,-9999,-9999,-6.79,-2.12,-9999
82218.00,86.00,800.74,4.23,100.00,7.14,72.57,33.90,-77.80,1978.34,1980.11,4.23,-6.81,-2.14,-1.37
82218.25,86.25,-9999,-9999,-9999,7.16,72.47,-9999,-9999,-9999,-9999,-9999,-6.83,-2.16,-9999
82218.50,86.50,801.42,4.26,100.00,7.19,72.37,33.90,-77.80,1971.43,1973.06,4.26,-6.85,-2.18,-1.33
82218.75,86.75,-9999,-9999,-9999,7.21,72.26,-9999,-9999,-9999,-9999,-9999,-6.87,-2.20,-9999
82219.00,87.00,802.10,4.29,100.00,7.23,72.14,33.90,-77.80,1964.55,1966.00,4.29,-6.88,-2.22,-1.37
82219.25,87.25,-9999,-9999,-9999,7.25,72.01,-9999,-9999,-9999,-9999,-9999,-6.90,-2.24,-9999
82219.50,87.50,802.78,4.33,100.00,7.28,71.87,33.90,-77.80,1957.58,1958.95,4.33,-6.91,-2.26,-1.45
82219.75,87.75,-9999,-9999,-9999,7.30,71.71,-9999,-9999,-9999,-9999,-9999,-6.93,-2.29,-9999
82220.00,88.00,803.48,4.36,100.00,7.32,71.54,33.90,-77.80,1950.52,1951.91,4.36,-6.94,-2.32,-1.52
82220.25,88.25,-9999,-9999,-9999,7.34,71.36,-9999,-9999,-9999,-9999,-9999,-6.95,-2.34,-9999
82220.50,88.50,804.18,4.40,100.00,7.36,71.16,33.90,-77.80,1943.40,1944.80,4.40,-6.96,-2.38,-1.57
82220.75,88.75,-9999,-9999,-9999,7.38,70.95,-9999,-9999,-9999,-9999,-9999,-6.97,-2.41,-9999
82221.00,89.00,804.88,4.43,100.00,7.40,70.74,33.90,-77.80,1936.28,1937.71,4.43,-6.98,-2.44,-1.56
82221.25,89.25,-9999,-9999,-9999,7.42,70.51,-9999,-9999,-9999,-9999,-9999,-6.99,-2.47,-9999
82221.50,89.50,805.58,4.47,99.99,7.44,70.28,33.90,-77.80,1929.25,1930.68,4.47,-7.00,-2.51,-1.50
82221.75,89.75,-9999,-9999,-9999,7.46,70.04,-9999,-9999,-9999,-9999,-9999,-7.02,-2.55,-9999
82222.00,90.00,806.26,4.50,99.98,7.49,69.80,33.90,-77.80,1922.30,1923.71,4.49,-7.03,-2.59,-1.46
82222.25,90.25,-9999,-9999,-9999,7.52,69.56,-9999,-9999,-9999,-9999,-9999,-7.04,-2.62,-9999
82222.50,90.50,806.95,4.53,99.97,7.54,69.33,33.90,-77.80,1915.32,1916.70,4.52,-7.06,-2.66,-1.45
82222.75,90.75,-9999,-9999,-9999,7.57,69.11,-9999,-9999,-9999,-9999,-9999,-7.08,-2.70,-9999
82223.00,91.00,807.65,4.56,99.96,7.61,68.89,33.90,-77.80,1908.30,1909.73,4.55,-7.10,-2.74,-1.47
82223.25,91.25,-9999,-9999,-9999,7.64,68.69,-9999,-9999,-9999,-9999,-9999,-7.12,-2.78,-9999
82223.50,91.50,808.34,4.59,99.96,7.68,68.51,33.90,-77.80,1901.29,1902.75,4.58,-7.14,-2.81,-1.49
82223.75,91.75,-9999,-9999,-9999,7.72,68.35,-9999,-9999,-9999,-9999,-9999,-7.17,-2.85,-9999
82224.00,92.00,809.04,4.62,99.96,7.76,68.21,33.90,-77.80,1894.29,1895.74,4.61,-7.20,-2.88,-1.54
82224.25,92.25,-9999,-9999,-9999,7.80,68.09,-9999,-9999,-9999,-9999,-9999,-7.24,-2.91,-9999
82224.50,92.50,809.73,4.65,99.97,7.85,67.99,33.90,-77.80,1887.24,1888.68,4.64,-7.27,-2.94,-1.59
82224.75,92.75,-9999,-9999,-9999,7.89,67.92,-9999,-9999,-9999,-9999,-9999,-7.31,-2.97,-9999
82225.00,93.00,810.44,4.68,99.96,7.94,67.87,33.90,-77.80,1880.14,1881.57,4.67,-7.35,-2.99,-1.64
82225.25,93.25,-9999,-9999,-9999,7.99,67.85,-9999,-9999,-9999,-9999,-9999,-7.40,-3.01,-9999
82225.50,93.50,811.14,4.71,99.92,8.04,67.85,33.90,-77.80,1873.05,1874.48,4.70,-7.44,-3.03,-1.68
82225.75,93.75,-9999,-9999,-9999,8.09,67.88,-9999,-9999,-9999,-9999,-9999,-7.49,-3.05,-9999
82226.00,94.00,811.85,4.74,99.85,8.14,67.93,33.90,-77.80,1865.96,1867.42,4.72,-7.54,-3.06,-1.73
82226.25,94.25,-9999,-9999,-9999,-9999,-9999,-9999,-9999,-9999,-9999,-9999,-9999,-9999,-9999
82226.50,94.50,812.56,4.78,99.77,8.24,68.12,33.90,-77.80,1858.84,1860.31,4.74,-7.64,-3.07,-1.79
82226.75,94.75,-9999,-9999,-9999,8.28,68.26,-9999,-9999,-9999,-9999,-9999,-7.69,-3.07,-9999
82227.00,95.00,813.27,4.81,99.73,8.33,68.42,33.90,-77.80,1851.68,1853.19,4.77,-7.74,-3.06,-1.85
82227.25,95.25,-9999,-9999,-9999,8.37,68.61,-9999,-9999,-9999,-9999,-9999,-7.80,-3.05,-9999
82227.50,95.50,813.98,4.85,99.75,8.41,68.82,33.90,-77.80,1844.48,1846.01,4.81,-7.85,-3.04,-1.90
82227.75,95.75,-9999,-9999,-9999,8.46,69.05,-9999,-9999,-9999,-9999,-9999,-7.90,-3.02,-9999
82228.00,96.00,814.70,4.89,99.82,8.50,69.29,33.90,-77.80,1837.27,1838.81,4.86,-7.95,-3.00,-1.94
82228.25,96.25,-9999,-9999,-9999,-9999,-9999,-9999,-9999,-9999,-9999,-9999,-9999,-9999,-9999
82228.50,96.50,815.42,4.92,99.90,8.57,69.83,33.90,-77.80,1830.05,1831.63,4.91,-8.04,-2.95,-1.97
82228.75,96.75,-9999,-9999,-9999,8.60,70.12,-9999,-9999,-9999,-9999,-9999,-8.09,-2.93,-9999
82229.00,97.00,816.14,4.96,99.96,8.64,70.42,33.90,-77.80,1822.83,1824.44,4.95,-8.14,-2.90,-1.97
82229.25,97.25,-9999,-9999,-9999,8.67,70.72,-9999,-9999,-9999,-9999,-9999,-8.18,-2.86,-9999
82229.50,97.50,816.87,4.99,100.00,8.70,71.02,33.90,-77.80,1815.60,1817.24,4.99,-8.23,-2.83,-1.95
82229.75,97.75,-9999,-9999,-9999,8.73,71.31,-9999,-9999,-9999,-9999,-9999,-8.27,-2.80,-9999
82230.00,98.00,817.59,5.03,100.00,8.76,71.60,33.90,-77.80,1808.35,1810.04,5.03,-8.32,-2.77,-1.90
82230.25,98.25,-9999,-9999,-9999,8.79,71.88,-9999,-9999,-9999,-9999,-9999,-8.36,-2.73,-9999
82230.50,98.50,818.31,5.06,100.00,8.82,72.15,33.90,-77.80,1801.17,1802.78,5.06,-8.40,-2.70,-1.84
82230.75,98.75,-9999,-9999,-9999,8.85,72.40,-9999,-9999,-9999,-9999,-9999,-8.43,-2.67,-9999
82231.00,99.00,819.02,5.10,100.00,8.88,72.65,33.90,-77.80,1794.08,1795.58,5.10,-8.47,-2.65,-1.79
82231.25,99.25,-9999,-9999,-9999,8.90,72.87,-9999,-9999,-9999,-9999,-9999,-8.51,-2.62,-9999
82231.50,99.50,819.73,5.14,100.00,8.93,73.09,33.90,-77.80,1787.00,1788.45,5.14,-8.54,-2.60,-1.79
82231.75,99.75,-9999,-9999,-9999,8.95,73.30,-9999,-9999,-9999,-9999,-9999,-8.58,-2.57,-9999
82232.00,100.00,820.44,5.18,100.00,8.98,73.49,33.90,-77.80,1779.87,1781.28,5.18,-8.61,-2.55,-1.82
82232.25,100.25,-9999,-9999,-9999,9.00,73.68,-9999,-9999,-9999,-9999,-9999,-8.64,-2.53,-9999
82232.50,100.50,821.16,5.22,99.99,9.03,73.87,33.90,-77.80,1772.71,1774.12,5.22,-8.67,-2.51,-1.86
82232.75,100.75,-9999,-9999,-9999,9.05,74.04,-9999,-9999,-9999,-9999,-9999,-8.70,-2.49,-9999
82233.00,101.00,821.88,5.26,99.99,9.07,74.22,33.90,-77.80,1765.53,1766.92,5.26,-8.73,-2.47,-1.92
82233.25,101.25,-9999,-9999,-9999,9.09,74.39,-9999,-9999,-9999,-9999,-9999,-8.76,-2.45,-9999
82233.50,101.50,822.60,5.30,99.99,-9999,-9999,-9999,-9999,1758.35,-9999,5.30,-9999,-9999,-1.96
82233.75,101.75,-9999,-9999,-9999,9.13,74.73,-9999,-9999,-9999,-9999,-9999,-8.81,-2.40,-9999
82234.00,102.00,823.33,5.34,99.99,9.15,74.91,33.90,-77.80,1751.17,1752.53,5.33,-8.83,-2.38,-2.00
82234.25,102.25,-9999,-9999,-9999,9.16,75.08,-9999,-9999,-9999,-9999,-9999,-8.85,-2.36,-9999
82234.50,102.50,824.05,5.37,99.99,9.18,75.27,33.90,-77.80,1743.95,1745.33,5.37,-8.87,-2.33,-2.00
82234.75,102.75,-9999,-9999,-9999,9.19,75.45,-9999,-9999,-9999,-9999,-9999,-8.89,-2.31,-9999
82235.00,103.00,824.79,5.41,99.99,9.20,75.65,33.90,-77.80,1736.67,1738.18,5.41,-8.91,-2.28,-1.96
82235.25,103.25,-9999,-9999,-9999,9.21,75.85,-9999,-9999,-9999,-9999,-9999,-8.93,-2.25,-9999
82235.50,103.50,825.51,5.45,99.99,9.22,76.05,33.90,-77.80,1729.44,1731.04,5.45,-8.95,-2.22,-1.85
82235.75,103.75,-9999,-9999,-9999,9.23,76.26,-9999,-9999,-9999,-9999,-9999,-8.97,-2.19,-9999
82236.00,104.00,826.23,5.49,99.99,9.24,76.48,33.90,-77.80,1722.36,1723.85,5.49,-8.99,-2.16,-1.74
82236.25,104.25,-9999,-9999,-9999,9.26,76.69,-9999,-9999,-9999,-9999,-9999,-9.01,-2.13,-9999
82236.50,104.50,826.93,5.53,99.98,9.27,76.91,33.90,-77.80,1715.36,1716.60,5.53,-9.03,-2.10,-1.68
82236.75,104.75,-9999,-9999,-9999,9.28,77.13,-9999,-9999,-9999,-9999,-9999,-9.05,-2.07,-9999
82237.00,105.00,827.64,5.57,99.99,9.30,77.36,33.90,-77.80,1708.36,1709.34,5.57,-9.07,-2.03,-1.68
82237.25,105.25,-9999,-9999,-9999,9.31,77.59,-9999,-9999,-9999,-9999,-9999,-9.10,-2.00,-9999
82237.50,105.50,828.35,5.61,99.98,9.33,77.83,33.90,-77.80,1701.31,1702.11,5.61,-9.12,-1.97,-1.75
82237.75,105.75,-9999,-9999,-9999,9.35,78.07,-9999,-9999,-9999,-9999,-9999,-9.15,-1.93,-9999
82238.00,106.00,829.07,5.65,99.94,9.37,78.31,33.90,-77.80,1694.23,1694.93,5.64,-9.17,-1.90,-1.88
82238.25,106.25,-9999,-9999,-9999,9.39,78.56,-9999,-9999,-9999,-9999,-9999,-9.20,-1.86,-9999
82238.50,106.50,829.79,5.68,99.86,9.41,78.80,33.90,-77.80,1687.07,1687.71,5.66,-9.23,-1.83,-2.02
82238.75,106.75,-9999,-9999,-9999,9.43,79.05,-9999,-9999,-9999,-9999,-9999,-9.26,-1.79,-9999
82239.00,107.00,830.53,5.72,99.71,9.46,79.29,33.90,-77.80,1679.80,1680.55,5.68,-9.29,-1.76,-2.15
82239.25,107.25,-9999,-9999,-9999,9.49,79.52,-9999,-9999,-9999,-9999,-9999,-9.33,-1.73,-9999
82239.50,107.50,831.27,5.76,99.56,9.52,79.75,33.90,-77.80,1672.46,1673.33,5.69,-9.37,-1.69,-2.22
82239.75,107.75,-9999,-9999,-9999,9.56,79.97,-9999,-9999,-9999,-9999,-9999,-9.41,-1.66,-9999
82240.00,108.00,832.02,5.79,99.47,9.60,80.17,33.90,-77.80,1665.13,1666.12,5.72,-9.46,-1.64,-2.21
82240.25,108.25,-9999,-9999,-9999,9.64,80.36,-9999,-9999,-9999,-9999,-9999,-9.51,-1.62,-9999
82240.50,108.50,832.76,5.83,99.46,9.69,80.52,33.90,-77.80,1657.84,1658.96,5.75,-9.56,-1.60,-2.15
82240.75,108.75,-9999,-9999,-9999,9.75,80.66,-9999,-9999,-9999,-9999,-9999,-9.62,-1.58,-9999
82241.00,109.00,833.49,5.86,99.51,9.81,80.77,33.90,-77.80,1650.60,1651.80,5.79,-9.68,-1.57,-2.06
82241.25,109.25,-9999,-9999,-9999,9.87,80.85,-9999,-9999,-9999,-9999,-9999,-9.75,-1.57,-9999
82241.50,109.50,834.22,5.89,99.58,9.95,80.90,33.90,-77.80,1643.41,1644.66,5.83,-9.82,-1.57,-1.97
82241.75,109.75,-9999,-9999,-9999,10.02,80.91,-9999,-9999,-9999,-9999,-9999,-9.90,-1.58,-9999
82242.00,110.00,834.95,5.92,99.62,10.10,80.90,33.90,-77.80,1636.29,1637.57,5.86,-9.98,-1.60,-1.89
82242.25,110.25,-9999,-9999,-9999,10.19,80.85,-9999,-9999,-9999,-9999,-9999,-10.06,-1.62,-9999
82242.50,110.50,835.67,5.93,99.61,10.28,80.77,33.90,-77.80,1629.22,1630.55,5.88,-10.14,-1.65,-1.87
82242.75,110.75,-9999,-9999,-9999,10.37,80.66,-9999,-9999,-9999,-9999,-9999,-10.23,-1.68,-9999
82243.00,111.00,836.39,5.95,99.63,10.46,80.53,33.90,-77.80,1622.14,1623.47,5.89,-10.32,-1.72,-1.89
82243.25,111.25,-9999,-9999,-9999,10.56,80.37,-9999,-9999,-9999,-9999,-9999,-10.41,-1.77,-9999
82243.50,111.50,837.12,5.96,99.69,10.65,80.19,33.90,-77.80,1615.01,1616.31,5.91,-10.49,-1.81,-1.93
82243.75,111.75,-9999,-9999,-9999,10.74,80.00,-9999,-9999,-9999,-9999,-9999,-10.58,-1.87,-9999
82244.00,112.00,837.85,5.97,99.79,10.83,79.79,33.90,-77.80,1607.83,1609.09,5.94,-10.66,-1.92,-1.96
82244.25,112.25,-9999,-9999,-9999,10.91,79.57,-9999,-9999,-9999,-9999,-9999,-10.73,-1.98,-9999
82244.50,112.50,838.59,5.98,99.90,11.00,79.35,33.90,-77.80,1600.62,1601.89,5.97,-10.81,-2.03,-1.95
82244.75,112.75,-9999,-9999,-9999,11.07,79.11,-9999,-9999,-9999,-9999,-9999,-10.87,-2.09,-9999
82245.00,113.00,839.32,6.00,99.97,11.15,78.87,33.90,-77.80,1593.46,1594.72,6.00,-10.94,-2.15,-1.90
82245.25,113.25,-9999,-9999,-9999,11.21,78.62,-9999,-9999,-9999,-9999,-9999,-10.99,-2.21,-9999
82245.50,113.50,840.04,6.03,99.98,11.28,78.36,33.90,-77.80,1586.39,1587.59,6.02,-11.05,-2.28,-1.86
82245.75,113.75,-9999,-9999,-9999,11.34,78.09,-9999,-9999,-9999,-9999,-9999,-11.09,-2.34,-9999
82246.00,114.00,840.76,6.05,99.91,11.39,77.81,33.90,-77.80,1579.34,1580.46,6.03,-11.14,-2.41,-1.84
82246.25,114.25,-9999,-9999,-9999,11.44,77.52,-9999,-9999,-9999,-9999,-9999,-11.17,-2.47,-9999
82246.50,114.50,841.49,6.07,99.75,11.49,77.22,33.90,-77.80,1572.29,1573.36,6.03,-11.21,-2.54,-1.86
82246.75,114.75,-9999,-9999,-9999,11.53,76.90,-9999,-9999,-9999,-9999,-9999,-11.23,-2.61,-9999
82247.00,115.00,842.21,6.08,99.58,11.57,76.58,33.90,-77.80,1565.21,1566.13,6.02,-11.26,-2.69,-1.92
82247.25,115.25,-9999,-9999,-9999,11.61,76.24,-9999,-9999,-9999,-9999,-9999,-11.28,-2.76,-9999
82247.50,115.50,842.94,6.10,99.44,11.64,75.89,33.90,-77.80,1558.08,1558.89,6.02,-11.29,-2.84,-1.98
82247.75,115.75,-9999,-9999,-9999,11.67,75.53,-9999,-9999,-9999,-9999,-9999,-11.30,-2.92,-9999
82248.00,116.00,843.68,6.11,99.37,11.70,75.16,33.90,-77.80,1550.91,1551.66,6.02,-11.31,-3.00,-2.02
82248.25,116.25,-9999,-9999,-9999,11.72,74.78,-9999,-9999,-9999,-9999,-9999,-11.31,-3.08,-9999
82248.50,116.50,844.42,6.13,99.40,11.73,74.39,33.90,-77.80,1543.71,1544.37,6.04,-11.30,-3.16,-2.00
82248.75,116.75,-9999,-9999,-9999,11.75,74.00,-9999,-9999,-9999,-9999,-9999,-11.29,-3.24,-9999
82249.00,117.00,845.16,6.14,99.48,11.76,73.61,33.90,-77.80,1536.50,1537.09,6.07,-11.28,-3.32,-1.92
82249.25,117.25,-9999,-9999,-9999,11.77,73.21,-9999,-9999,-9999,-9999,-9999,-11.27,-3.40,-9999
82249.50,117.50,-9999,-9999,-9999,-9999,-9999,-9999,-9999,-9999,-9999,-9999,-9999,-9999,-9999
82249.75,117.75,-9999,-9999,-9999,-9999,-9999,-9999,-9999,-9999,-9999,-9999,-9999,-9999,-9999
82250.00,118.00,846.62,6.17,99.51,11.79,72.04,33.90,-77.80,1522.36,1522.88,6.10,-11.21,-3.63,-1.69
82250.25,118.25,-9999,-9999,-9999,11.79,71.66,-9999,-9999,-9999,-9999,-9999,-11.19,-3.71,-9999
82250.50,118.50,847.33,6.18,99.45,11.80,71.29,33.90,-77.80,1515.51,1515.91,6.10,-11.17,-3.79,-1.63
82250.75,118.75,-9999,-9999,-9999,11.80,70.92,-9999,-9999,-9999,-9999,-9999,-11.15,-3.86,-9999
82251.00,119.00,848.03,6.18,99.33,11.81,70.56,33.90,-77.80,1508.66,1508.94,6.09,-11.14,-3.93,-1.65
82251.25,119.25,-9999,-9999,-9999,11.81,70.22,-9999,-9999,-9999,-9999,-9999,-11.12,-4.00,-9999
82251.50,119.50,848.75,6.20,99.20,11.82,69.90,33.90,-77.80,1501.70,1501.91,6.08,-11.10,-4.06,-1.71
82251.75,119.75,-9999,-9999,-9999,11.82,69.60,-9999,-9999,-9999,-9999,-9999,-11.08,-4.12,-9999
82252.00,120.00,849.48,6.21,99.06,11.83,69.32,33.90,-77.80,1494.64,1494.88,6.07,-11.07,-4.18,-1.79
82252.25,120.25,-9999,-9999,-9999,11.83,69.08,-9999,-9999,-9999,-9999,-9999,-11.05,-4.23,-9999
82252.50,120.50,850.22,6.23,98.94,11.83,68.85,33.90,-77.80,1487.53,1487.94,6.08,-11.03,-4.27,-1.82
82252.75,120.75,-9999,-9999,-9999,11.83,68.66,-9999,-9999,-9999,-9999,-9999,-11.02,-4.30,-9999
82253.00,121.00,850.95,6.25,98.85,11.83,68.50,33.90,-77.80,1480.46,1480.99,6.08,-11.00,-4.33,-1.79
82253.25,121.25,-9999,-9999,-9999,11.82,68.37,-9999,-9999,-9999,-9999,-9999,-10.99,-4.36,-9999
82253.50,121.50,851.68,6.27,98.78,11.82,68.26,33.90,-77.80,1473.47,1473.98,6.10,-10.98,-4.38,-1.74
82253.75,121.75,-9999,-9999,-9999,11.81,68.17,-9999,-9999,-9999,-9999,-9999,-10.96,-4.39,-9999
82254.00,122.00,852.39,6.30,98.73,11.80,68.11,33.90,-77.80,1466.55,1466.98,6.12,-10.95,-4.40,-1.69
82254.25,122.25,-9999,-9999,-9999,11.80,68.07,-9999,-9999,-9999,-9999,-9999,-10.94,-4.41,-9999
82254.50,122.50,853.11,6.33,98.71,11.79,68.05,33.90,-77.80,1459.62,1460.02,6.14,-10.93,-4.41,-1.66
82254.75,122.75,-9999,-9999,-9999,11.78,68.04,-9999,-9999,-9999,-9999,-9999,-10.93,-4.41,-9999
82255.00,123.00,853.84,6.37,98.70,11.77,68.04,33.90,-77.80,1452.67,1453.13,6.18,-10.92,-4.40,-1.63
82255.25,123.25,-9999,-9999,-9999,11.77,68.05,-9999,-9999,-9999,-9999,-9999,-10.91,-4.40,-9999
82255.50,123.50,854.56,6.40,98.73,11.76,68.06,33.90,-77.80,1445.68,1446.18,6.22,-10.91,-4.39,-1.60
82255.75,123.75,-9999,-9999,-9999,11.75,68.07,-9999,-9999,-9999,-9999,-9999,-10.90,-4.39,-9999
82256.00,124.00,855.28,6.43,98.80,11.74,68.09,33.90,-77.80,1438.74,1439.15,6.26,-10.89,-4.38,-1.56
82256.25,124.25,-9999,-9999,-9999,11.73,68.10,-9999,-9999,-9999,-9999,-9999,-10.89,-4.38,-9999
82256.50,124.50,856.00,6.47,98.89,11.73,68.11,33.90,-77.80,1431.90,1432.11,6.31,-10.88,-4.37,-1.56
82256.75,124.75,-9999,-9999,-9999,11.72,68.12,-9999,-9999,-9999,-9999,-9999,-10.87,-4.37,-9999
82257.00,125.00,856.71,6.50,98.97,11.71,68.12,33.90,-77.80,1425.09,1425.12,6.35,-10.87,-4.36,-1.65
82257.25,125.25,-9999,-9999,-9999,11.70,68.12,-9999,-9999,-9999,-9999,-9999,-10.86,-4.36,-9999
82257.50,125.50,857.43,6.54,99.02,11.69,68.12,33.90,-77.80,1418.18,1418.17,6.39,-10.85,-4.36,-1.78
82257.75,125.75,-9999,-9999,-9999,11.68,68.10,-9999,-9999,-9999,-9999,-9999,-10.84,-4.36,-9999
82258.00,126.00,858.16,6.57,99.04,11.67,68.08,33.90,-77.80,1411.14,1411.21,6.44,-10.83,-4.36,-1.90
82258.25,126.25,-9999,-9999,-9999,11.67,68.05,-9999,-9999,-9999,-9999,-9999,-10.82,-4.36,-9999
82258.50,126.50,858.91,6.61,99.04,11.66,68.00,33.90,-77.80,1403.97,1404.20,6.47,-10.81,-4.37,-1.98
82258.75,126.75,-9999,-9999,-9999,11.65,67.95,-9999,-9999,-9999,-9999,-9999,-10.80,-4.37,-9999
82259.00,127.00,859.66,6.65,99.02,11.64,67.89,33.90,-77.80,1396.80,1397.13,6.51,-10.78,-4.38,-1.94
