test/fixtures/IMPACTS-WISPER-CWC_P3_20200218_R0_SF07.ict
38, 1001
Toohey, Darin; Noone, David; Wein, Emily
University of Colorado; Atmospheric Investigations
WISPER: Condensed water concentration (ice + liquid water) from cavity ringdown spectrometer measurements of vaporized condensed water particles in heated counterflow virtual impactor inlet.
NASA IMPACTS Mission 2020
1,1
2020, 02, 18, 2021, 10, 03
1.0
Start_UTC, seconds, seconds since start of day of record
6
1, 1, 1, 1, 1, 1
-9999, -9999, -9999, -9999, -9999, -9999
CWC, g/(m^3), condensed water concentration (ice + liquid water)
H2O_VAP, ppm, water vapor mixing ratio
DELTAD_C, permil, HDO/H2(16)O ratio in condensed water
DELTAO18_C, permil, H2(18)O/H2(16)O ratio in condensed water
DELTAD_V, permil, HDO/H2(16)O ratio in water vapor
DELTAO18_V, permil, H2(18)O/H2(16)O ratio in water vapor
0
18
PI_CONTACT_INFO:  University of Colorado - ATOC; 4001 Discovery Drive, Boulder, CO 80303; toohey@colorado.edu
PLATFORM: NASA P3 (ORION)- sampling from CVI inlet and a backward facing pick off tube on port side of fuselage
LOCATION: Aircraft location data available TBD
ASSOCIATED_DATA: N/A
INSTRUMENT_INFO: TBD
DATA_INFO: Condensed water concentration is corrected for inertial enhancement of particle concentrations in subisokinetic inlet.
UNCERTAINTY:  The uncertainty is estimated to be +/- 10% CWC (1-sigma); Contact PIs for uncertainties in water vapor and isotopologue ratios
ULOD_FLAG: -7777
ULOD_VALUE: N/A
LLOD_FLAG: -8888
LLOD_VALUE: N/A
DM_CONTACT_INFO: TBD
PROJECT_INFO:  IMPACTS Mission Jan – Feb, 2020; based in Wallops Island, Virgnia.
STIPULATIONS_ON_USE: Please consult IMPACTS data policy
OTHER_COMMENTS: none.
REVISION: R0
R0: Post-mission calibrations for H2O and isotopologues applied. Additional QA/QC is needed for water vapor and isotopologues to account for condensation and icing on vapor phase inlet.
Start_UTC, CWC, H2O_VAP, DELTAD_C, DELTAO18_C, DELTAD_V, DELTAO18_V
[from data line 8877]
71394,0.256931193,4679.102154,-211.07,-24.79,-188.82,-25.88
71395,0.271380469,4676.297439,-210.29,-25.36,-186.44,-25.68
71396,0.280138622,4687.381655,-210.29,-25.36,-188.42,-25.35
71397,0.280113036,4687.381655,-210.19,-25.04,-188.42,-25.35
71398,0.297688576,4684.273664,-206.62,-24.65,-189.56,-25.25
71399,0.354764226,4684.273664,-207.43,-24.35,-189.56,-25.25
71400,0.37017587,4675.707862,-205.87,-24.69,-188.81,-25.39
71401,0.344938736,4682.125879,-205.33,-24.78,-188.2,-25.22
71402,0.273916645,4682.125879,-204.75,-24.64,-188.2,-25.22
71403,0.258309916,4681.292036,-204.34,-25.03,-189.07,-24.83
71404,0.314497948,4678.032486,-201.5,-24.86,-192.01,-25.41
71405,0.312698828,4678.032486,-206.54,-24.18,-192.01,-25.41
71406,0.289643177,4676.524848,-208.36,-24.8,-188.89,-25.3
71407,0.296629801,4676.524848,-207.35,-24.52,-188.89,-25.3
71408,0.250467173,4675.345693,-205.52,-24.63,-187.4,-25.93
71409,0.258315806,4675.345693,-208.71,-25.37,-187.4,-25.93
71410,0.258689428,4677.030201,-206.85,-25.78,-188.26,-26
71411,0.220836472,4679.060041,-213.42,-25.9,-188.86,-25.95
71412,0.221751133,4679.060041,-207.58,-25.84,-188.86,-25.95
71413,0.223897203,4676.491157,-214.74,-25.93,-189.28,-26.48
71414,0.241658956,4671.462932,-210.33,-27.16,-186.8,-25.76
71415,0.22842332,4671.462932,-215.52,-27.46,-186.8,-25.76
71416,0.215863356,4677.830344,-223.86,-27.9,-184.75,-25.95
71417,0.226520079,4679.498017,-222.73,-27.93,-186.71,-25.63
71418,0.207933879,4679.498017,-223.9,-28.28,-186.71,-25.63
71419,0.20074187,4677.274455,-229.02,-27.79,-190.58,-26.11
71420,0.206893871,4673.408519,-225.99,-27.09,-189.68,-25.7
71421,0.224665557,4673.408519,-220.23,-28.2,-189.68,-25.7
71422,0.208289773,4671.201836,-217.51,-27.93,-186.11,-25.55
71423,0.182210553,4671.201836,-218.28,-27.42,-186.11,-25.55
71424,0.205693574,4673.518011,-211.61,-26.48,-189.46,-26.07
71425,0.231531907,4670.83125,-217.5,-26.2,-189.37,-25.81
71426,0.22897592,4670.83125,-222.38,-27.28,-189.37,-25.81
71427,0.261110246,4681.52787,-216.43,-27.08,-185.62,-25.97
71428,0.243303879,4675.320426,-219.73,-26.89,-187.84,-25.62
71429,0.240180546,4675.320426,-227.12,-26.67,-187.84,-25.62
71430,0.241305069,4677.181807,-219.61,-27.75,-187.57,-26.01
71431,0.242629472,4670.27537,-217.81,-27.31,-187.56,-26.06
71432,0.214216788,4670.27537,-216.68,-27.21,-187.56,-26.06
71433,0.220115507,4673.197957,-216.68,-27.85,-189.85,-25.75
71434,0.213003833,4673.197957,-217.23,-27.38,-189.85,-25.75
71435,0.195683042,4680.357123,-224.04,-27.28,-189.29,-25.28
71436,0.208232927,4680.357123,-221.91,-27.38,-189.29,-25.28
71437,0.202163075,4673.930713,-221.77,-27.49,-190.09,-25.56
71438,0.206531984,4675.177243,-221.96,-27.18,-188.8,-25.92
71439,0.234101392,4675.177243,-215.56,-27.83,-188.8,-25.92
71440,0.251278596,4673.054775,-216.02,-26.82,-189.24,-26.07
71441,0.205138078,4673.054775,-223.21,-26.73,-189.24,-26.07
71442,0.179295163,4673.029508,-222.78,-27.29,-187,-26.21
71443,0.185365863,4673.139,-218.9,-27.31,-189,-26.12
71444,0.170641312,4673.139,-217.82,-27.48,-189,-26.12
71445,0.195288831,4673.467476,-213.3,-27.04,-187.36,-26.41
71446,0.206811858,4672.734721,-215.52,-26.63,-191.51,-25.54
71447,0.19169861,4672.734721,-213.48,-27.04,-191.51,-25.54
71448,0.176505529,4672.103037,-217.38,-27.28,-189.71,-26.06
71449,0.184037797,4676.305862,-220.14,-27.21,-187.87,-26.17
71450,0.196497145,4676.305862,-221.74,-27.8,-187.87,-26.17
71451,0.2210127,4674.76454,-226.28,-27.33,-188.71,-25.39
71452,0.221434565,4677.021778,-225.87,-27.34,-184.35,-26.34
71453,0.231936547,4677.021778,-222.69,-27.05,-184.35,-26.34
71454,0.228185292,4675.716284,-221.9,-27.31,-192.82,-25.6
71455,0.206931618,4680.862481,-217.26,-27.66,-191.4,-25.74
71456,0.19659539,4680.862481,-218.04,-27.16,-191.4,-25.74
71457,0.198600667,4681.132006,-222.32,-27.02,-188.36,-26.53
71458,0.198790315,4682.605971,-218.17,-27.11,-186.32,-25.31
71459,0.191663807,4682.605971,-224.9,-27.61,-186.32,-25.31
71460,0.184400378,4678.866322,-221.83,-27.72,-187.74,-26.05
71461,0.17970719,4683.04395,-221.77,-27.62,-191.37,-26.34
71462,0.202077624,4683.04395,-220.41,-27.71,-191.37,-26.34
71463,0.21158196,4682.841806,-227.81,-27.8,-191.82,-25.97
71464,0.218760206,4682.841806,-228.07,-27.31,-191.82,-25.97
71465,0.229729577,4682.841806,-222.63,-27.88,-191.82,-25.97
71466,0.25892575,4684.939058,-225.29,-27.42,-187.43,-25.74
71467,0.266178739,4686.851021,-229.42,-27.51,-188.17,-25.76
71468,0.275755713,4686.851021,-231.61,-27.38,-188.17,-25.76
71469,0.304182048,4691.028734,-225.38,-27.39,-189.69,-25.79
71470,0.3046535,4691.626757,-224.63,-26.68,-188.65,-25.74
71471,0.303849736,4691.626757,-222.78,-27.36,-188.65,-25.74
71472,0.309298931,4691.736254,-220.35,-27.52,-187.68,-26.41
71473,0.3437098,4688.661919,-225.5,-27.23,-184.26,-26.45
71474,0.341869419,4688.661919,-231.57,-27.42,-184.26,-26.45
71475,0.341940772,4696.722624,-228.61,-27.49,-191.52,-26.11
71476,0.325601617,4698.188224,-230.47,-28.55,-188.38,-26.11
71477,0.336466405,4698.188224,-233.87,-28.93,-188.38,-26.11
71478,0.324212683,4698.516721,-233.73,-29.36,-186.81,-26.19
71479,0.336239908,4699.26637,-232.72,-28.63,-191.41,-26.13
71480,0.336056118,4699.26637,-233.47,-28.64,-191.41,-26.13
71481,0.332238202,4698.803104,-233.94,-28.87,-189.1,-26.57
71482,0.346779886,4704.758224,-227.98,-28.87,-190.34,-26.35
71483,0.322896352,4704.758224,-227.98,-28.87,-190.34,-26.35
71484,0.322040528,4708.877164,-227.84,-28.58,-189.44,-25.57
71485,0.350696189,4700.142366,-232.17,-27.61,-189.5,-26.24
71486,0.335357827,4700.142366,-228.09,-28.05,-189.5,-26.24
71487,0.377363684,4699.409562,-231.35,-27.9,-188.17,-26.3
71488,0.318472947,4707.975879,-228.37,-27.82,-187.53,-26.59
71489,0.350414807,4707.975879,-229.78,-27.81,-187.53,-26.59
71490,0.334652967,4708.152766,-230.09,-28.03,-190.81,-25.99
71491,0.326576396,4708.152766,-232.18,-28.39,-190.81,-25.99
71492,0.325729431,4712.701331,-230.64,-28.3,-188.54,-26.14
71493,0.303661885,4712.701331,-232.92,-28.67,-188.54,-26.14
71494,0.290347747,4710.999824,-229.21,-28.8,-188.23,-25.64
71495,0.332316987,4710.999824,-232.53,-28.4,-188.23,-25.64
71496,0.348543254,4709.736335,-234.85,-27.79,-188.95,-26.38
71497,0.329371953,4709.601563,-226.7,-27.83,-190.09,-26.66
71498,0.326430588,4709.601563,-225.19,-27.89,-190.09,-26.66
71499,0.324571939,4711.96008,-227.81,-27.47,-192.77,-25.75
71500,0.386755447,4711.673687,-224.37,-27.81,-189.78,-26.44
71501,0.361548836,4711.673687,-223.85,-27.36,-189.78,-26.44
71502,0.34253058,4711.859,-224.47,-26.93,-187.57,-26.21
71503,0.362827977,4713.602627,-217.52,-26.97,-188.9,-26.04
71504,0.377319966,4713.602627,-220,-26.73,-188.9,-26.04
71505,0.395505902,4708.599197,-223.16,-26.61,-187.11,-26.58
71506,0.412149243,4708.388616,-216.52,-26.2,-188.71,-26
71507,0.379052964,4708.388616,-214.8,-26.16,-188.71,-26
71508,0.366715477,4710.561814,-217.92,-26.03,-189.14,-26.53
71509,0.39304928,4716.946705,-212.89,-26.29,-188.65,-25.84
71510,0.421146615,4716.946705,-215.14,-25.7,-188.65,-25.84
71511,0.418167503,4713.745823,-211.44,-25.7,-186.51,-26.67
71512,0.410332907,4711.033518,-215.19,-26.53,-190.62,-26.96
71513,0.367922312,4711.033518,-211.88,-26.68,-190.62,-26.96
71514,0.349678901,4711.926386,-217.79,-26.85,-186.01,-26.15
71515,0.31868822,4711.092481,-218.98,-26.46,-187.91,-26.29
71516,0.315612419,4711.092481,-214.38,-26.33,-187.91,-26.29
71517,0.327295078,4711.429412,-211.29,-26.14,-186.92,-26.3
71518,0.335594259,4713.038263,-214.13,-26.21,-187.96,-26.55
71519,0.328157695,4713.038263,-212.35,-26.1,-187.96,-26.55
71520,0.31467234,4711.917963,-212.5,-25.77,-189.14,-26.49
71521,0.349036793,4711.917963,-213.6,-25.9,-189.14,-26.49
71522,0.344761935,4711.917963,-212.37,-25.8,-189.14,-26.49
71523,0.375221421,4714.082757,-210.72,-25.41,-188.48,-26.2
71524,0.385049395,4711.597878,-209.29,-25.44,-187.27,-26.45
71525,0.396778598,4711.597878,-209.29,-25.44,-187.27,-26.45
71526,0.395518499,4710.283846,-207.4,-25.14,-187.7,-27.69
71527,0.424178841,4704.985649,-207.51,-24.17,-190.28,-26.66
71528,0.439949973,4704.985649,-206.26,-23.97,-190.28,-26.66
71529,0.489488733,4706.518665,-205,-23.53,-191.29,-26.11
71530,0.516932185,4704.505529,-203.93,-24,-189.66,-26.33
71531,0.5404104,4704.505529,-204.63,-23.43,-189.66,-26.33
71532,0.539507203,4709.500484,-204.4,-23.79,-188.04,-26.15
71533,0.502650635,4706.08066,-202.68,-24.07,-186.29,-26.21
71534,0.463417553,4706.08066,-203.19,-23.86,-186.29,-26.21
71535,0.537921266,4697.564922,-201.08,-23.7,-189.47,-26.37
71536,0.550968834,4698.558836,-205.51,-23.78,-186.45,-26.82
71537,0.511902912,4698.558836,-200.89,-23.78,-186.45,-26.82
71538,0.534486165,4693.100761,-203.17,-23.43,-190.48,-26.27
71539,0.568005296,4688.33343,-201.96,-23.59,-186.53,-27.04
71540,0.563849607,4688.33343,-204.85,-23.78,-186.53,-27.04
71541,0.551068154,4692.730154,-205.25,-24.04,-189.72,-26.13
71542,0.541503423,4689.874805,-204.48,-24.2,-192.47,-26.91
71543,0.528463223,4689.874805,-205.07,-24.06,-192.47,-26.91
71544,0.522317433,4683.38928,-202.28,-24.11,-185.17,-25.26
71545,0.536370755,4680.15498,-205.58,-24.16,-190.16,-26.75
71546,0.510000309,4680.15498,-201.11,-25,-190.16,-26.75
71547,0.487536899,4678.992661,-201.95,-25.22,-187.16,-26.46
71548,0.472185061,4678.992661,-207.16,-25.76,-187.16,-26.46
71549,0.4783131,4675.480454,-207.28,-25.31,-184.97,-26.27
71550,0.436789325,4675.480454,-207.28,-25.31,-184.97,-26.27
71551,0.470683601,4669.938474,-207.86,-24.86,-189.78,-26.72
71552,0.511269626,4669.938474,-204.41,-24.49,-189.78,-26.72
71553,0.562200887,4670.376439,-203.6,-24.21,-191.2,-26.53
71554,0.57060586,4668.270842,-205.25,-24.47,-188.63,-26.31
71555,0.495956149,4668.270842,-207.13,-25.04,-188.63,-26.31
71556,0.440398537,4663.124809,-205.4,-26.11,-187,-26.36
71557,0.478405307,4664.320772,-211.41,-25.36,-187.1,-26.68
71558,0.433114815,4664.320772,-208.95,-25.6,-187.1,-26.68
71559,0.468040542,4656.117554,-210.46,-25.21,-188.54,-26.8
71560,0.533703892,4653.63304,-207.32,-25.37,-189.97,-27.18
71561,0.511812495,4653.63304,-210.09,-25.5,-189.97,-27.18
71562,0.450085946,4653.59093,-211.76,-26.5,-189.6,-26.87
71563,0.424420298,4651.283294,-212.77,-26.68,-190.09,-26.62
71564,0.43966136,4651.283294,-213.51,-26.32,-190.09,-26.62
71565,0.434499913,4651.443312,-215.31,-26.57,-191.31,-26.65
71566,0.399704117,4641.800232,-213.24,-27.16,-190.47,-27.16
71567,0.40032982,4641.800232,-214.17,-27,-190.47,-27.16
71568,0.390476519,4638.877878,-212.53,-26.91,-188.34,-27.25
71569,0.397634539,4639.332652,-214.86,-27.21,-190.48,-27.17
71570,0.386825273,4639.332652,-216.26,-27.51,-190.48,-27.17
71571,0.364449565,4640.461168,-215.34,-27.78,-190.13,-26.69
71572,0.371920252,4639.602148,-216.26,-27.17,-191.11,-26.36
71573,0.376208153,4639.602148,-216.62,-26.84,-191.11,-26.36
71574,0.372886859,4629.833035,-214.18,-27.04,-193.77,-27.02
71575,0.369346382,4626.565489,-213.1,-26.84,-193.61,-26.88
71576,0.372663311,4626.565489,-215.86,-27.2,-193.61,-26.88
71577,0.353963363,4626.565489,-213.67,-27.77,-193.61,-26.88
71578,0.327509599,4623.373762,-212.05,-28.17,-190.67,-26.95
71579,0.329441107,4623.373762,-210.83,-27.94,-190.67,-26.95
71580,0.336006585,4621.29368,-213.82,-27.72,-192.43,-26.28
71581,0.356667843,4617.293553,-214.21,-26.97,-191.4,-26.53
71582,0.34916462,4617.293553,-215.73,-26.97,-191.4,-26.53
71583,0.362481232,4613.554524,-215.02,-26.4,-184.97,-26.89
71584,0.378281378,4615.988258,-209.82,-26.66,-190.44,-26.88
71585,0.36290395,4615.988258,-212.53,-26.76,-190.44,-26.88
71586,0.366830633,4610.160796,-212.9,-27.15,-186.99,-27.37
71587,0.33093289,4606.750255,-213.99,-26.82,-187.13,-26.61
71588,0.347613593,4606.750255,-212.39,-26.34,-187.13,-26.61
71589,0.359181473,4602.767118,-212.39,-26.34,-183.87,-26.9
71590,0.371637902,4601.428187,-209.94,-26.4,-189.69,-27.13
71591,0.348965289,4601.428187,-210.45,-26.7,-189.69,-27.13
71592,0.34752929,4602.009232,-212.16,-26.73,-188.88,-26.49
71593,0.324239151,4598.405081,-214.07,-26.99,-186.15,-27.45
71594,0.299198184,4598.405081,-214.82,-27.65,-186.15,-27.45
71595,0.321590415,4600.451359,-213.03,-27.07,-188.91,-26.4
71596,0.330846704,4595.432524,-212.98,-27.23,-188.16,-26.84
71597,0.314584779,4595.432524,-213.41,-26.74,-188.16,-26.84
71598,0.34244991,4592.12316,-209.38,-26.77,-186.83,-27.24
71599,0.378204591,4588.485417,-212.75,-26.2,-186.58,-26.92
71600,0.327599865,4588.485417,-210.02,-26.96,-186.58,-26.92
71601,0.303063611,4581.218454,-214.16,-26.99,-191.22,-27.03
71602,0.284672012,4584.620353,-214.96,-26.73,-187.01,-26.66
71603,0.332200284,4584.620353,-209.39,-26.42,-187.01,-26.66
71604,0.378013413,4581.605797,-212.11,-25.73,-189.95,-26.76
71605,0.398917478,4581.605797,-211.96,-25.96,-189.95,-26.76
71606,0.353003814,4580.073266,-211.34,-26.24,-190.04,-27.42
71607,0.378693308,4580.073266,-211.76,-25.98,-190.04,-27.42
71608,0.376304715,4576.772452,-214.49,-26.29,-191.28,-27.02
71609,0.38439212,4576.772452,-214.84,-26.12,-191.28,-27.02
71610,0.370982567,4573.12643,-216.25,-26.5,-190.76,-27.25
71611,0.366232634,4573.286417,-217.7,-26.71,-191.12,-26.81
71612,0.36285509,4573.286417,-216.48,-26.73,-191.12,-26.81
71613,0.36072213,4573.707434,-215.64,-26.98,-187.26,-27.26
71614,0.370528339,4571.055034,-213.75,-27.33,-188.41,-26.83
71615,0.332358363,4571.055034,-218.38,-27.44,-188.41,-26.83
71616,0.32291526,4569.219415,-216.6,-27.28,-186.89,-27.05
71617,0.343200522,4568.208987,-217.18,-26.64,-189.66,-27.35
71618,0.357339193,4568.208987,-219.51,-26.56,-189.66,-27.35
71619,0.400078777,4572.191775,-218.8,-26.26,-185.51,-27.18
71620,0.41494019,4569.152053,-216.99,-26.03,-193.61,-26.47
71621,0.410411204,4569.152053,-218.76,-26.25,-193.61,-26.47
71622,0.430578641,4561.683364,-217.32,-26.55,-187.68,-27.17
71623,0.408826877,4563.089521,-220.55,-27.33,-190.83,-27.14
71624,0.392366817,4563.089521,-225.19,-27.26,-190.83,-27.14
71625,0.353996998,4570.970831,-225.87,-27.66,-190.68,-26.62
71626,0.35749441,4570.970831,-221.43,-27.6,-190.68,-26.62
71627,0.344279662,4567.526949,-222.77,-27.63,-187.22,-26.36
71628,0.347321649,4565.691346,-224.13,-27.57,-185.32,-27.48
71629,0.342847227,4565.691346,-222.36,-27.41,-185.32,-27.48
71630,0.345224765,4561.691784,-220.35,-27.79,-191.01,-26.87
71631,0.343422846,4561.2792,-220.35,-27.79,-189.88,-27.2
71632,0.350125251,4561.2792,-218.64,-27.44,-189.88,-27.2
71633,0.378864967,4564.520944,-217.17,-27.32,-190.26,-27.22
71634,0.35043686,4564.520944,-219.91,-27.56,-190.26,-27.22
71635,0.289355869,4565.455582,-217.76,-27.52,-189.41,-26.76
71636,0.377270894,4565.455582,-220.41,-26.92,-189.41,-26.76
71637,0.374283993,4568.284769,-219.28,-25.98,-191.93,-26.59
71638,0.398446852,4563.089521,-213.21,-25.63,-190.85,-27.54
71639,0.43007411,4563.089521,-214.15,-25.15,-190.85,-27.54
71640,0.425466381,4559.081565,-214.84,-25.94,-191.92,-27.6
71641,0.398871541,4559.081565,-213.48,-25.66,-191.92,-27.6
71642,0.428581933,4560.395093,-212.4,-25.38,-193.05,-27.17
71643,0.507313108,4558.239563,-210.68,-24.92,-191.13,-27.59
71644,0.500320634,4558.239563,-210.93,-24.66,-191.13,-27.59
71645,0.459883345,4562.011748,-209.77,-24.34,-189.26,-26.94
71646,0.489274297,4559.814109,-207.61,-23.82,-186.47,-27.52
71647,0.515217261,4559.814109,-205.16,-23.45,-186.47,-27.52
71648,0.543098578,4559.721488,-204.62,-23.46,-193.66,-27.04
71649,0.538213189,4557.111282,-203.7,-24.21,-188.45,-27.56
71650,0.499447056,4557.111282,-206.76,-23.86,-188.45,-27.56
71651,0.493757456,4553.187586,-207.2,-23.83,-189.35,-27.09
71652,0.47993142,4563.03058,-203.34,-24.42,-190.62,-27.41
71653,0.481570302,4563.03058,-204.39,-24.3,-190.62,-27.41
71654,0.46224724,4560.900297,-203.93,-23.75,-192.28,-27.01
71655,0.469913091,4555.469388,-201.8,-22.79,-192.45,-27.37
71656,0.509494861,4555.469388,-196.13,-23.09,-192.45,-27.37
71657,0.538193599,4548.33775,-194.98,-22.36,-189.7,-27.95
71658,0.49878293,4553.238106,-196.84,-22.97,-190.19,-27.2
71659,0.532226961,4553.238106,-196.84,-22.97,-190.19,-27.2
71660,0.451152347,4551.764625,-197.96,-24.45,-189.5,-27.63
71661,0.49199264,4554.299016,-204.3,-24.55,-192.41,-27.01
71662,0.412009429,4554.299016,-207.38,-25.22,-192.41,-27.01
