test/fixtures/IMPACTS-WISPER-CWC_P3_20200218_R0_SF07.ict
38, 1001
Toohey, Darin; Noone, David; Wein, Emily
University of Colorado; Atmospheric Investigations
WISPER: Condensed water concentration (ice + liquid water) from cavity ringdown spectrometer measurements of vaporized condensed water particles in heated counterflow virtual impactor inlet.
NASA IMPACTS Mission 2020
1,1
2020, 02, 18, 2021, 10, 03
1.0
Start_UTC, seconds, seconds since start of day of record
6
1, 1, 1, 1, 1, 1
-9999, -9999, -9999, -9999, -9999, -9999
CWC, g/(m^3), condensed water concentration (ice + liquid water)
H2O_VAP, ppm, water vapor mixing ratio
DELTAD_C, permil, HDO/H2(16)O ratio in condensed water
DELTAO18_C, permil, H2(18)O/H2(16)O ratio in condensed water
DELTAD_V, permil, HDO/H2(16)O ratio in water vapor
DELTAO18_V, permil, H2(18)O/H2(16)O ratio in water vapor
0
18
PI_CONTACT_INFO:  University of Colorado - ATOC; 4001 Discovery Drive, Boulder, CO 80303; toohey@colorado.edu
PLATFORM: NASA P3 (ORION)- sampling from CVI inlet and a backward facing pick off tube on port side of fuselage
LOCATION: Aircraft location data available TBD
ASSOCIATED_DATA: N/A
INSTRUMENT_INFO: TBD
DATA_INFO: Condensed water concentration is corrected for inertial enhancement of particle concentrations in subisokinetic inlet.
UNCERTAINTY:  The uncertainty is estimated to be +/- 10% CWC (1-sigma); Contact PIs for uncertainties in water vapor and isotopologue ratios
ULOD_FLAG: -7777
ULOD_VALUE: N/A
LLOD_FLAG: -8888
LLOD_VALUE: N/A
DM_CONTACT_INFO: TBD
PROJECT_INFO:  IMPACTS Mission Jan – Feb, 2020; based in Wallops Island, Virgnia.
STIPULATIONS_ON_USE: Please consult IMPACTS data policy
OTHER_COMMENTS: none.
REVISION: R0
R0: Post-mission calibrations for H2O and isotopologues applied. Additional QA/QC is needed for water vapor and isotopologues to account for condensation and icing on vapor phase inlet.
Start_UTC, CWC, H2O_VAP, DELTAD_C, DELTAO18_C, DELTAD_V, DELTAO18_V
[from data line 11306]
73823,0.22933515,5185.903691,-170.5,-20.13,-185.1,-24.89
73824,0.199366422,5189.285508,-165.79,-19.87,-182.67,-24.68
73825,0.23377201,5192.701088,-160.96,-20.17,-186.4,-24.11
73826,0.290043068,5192.701088,-166.67,-19.52,-186.4,-24.11
73827,0.314221578,5199.658842,-160.11,-19.41,-186.54,-24.51
73828,0.341637538,5195.33237,-162.31,-18.78,-183.83,-24.82
73829,0.325050604,5195.33237,-157.69,-18.87,-183.83,-24.82
73830,0.329052503,5194.851653,-156.22,-18.82,-186.92,-24.33
73831,0.350465382,5196.605849,-162.14,-19.4,-187.43,-24.77
73832,0.355976302,5196.605849,-163.39,-19.73,-187.43,-24.77
73833,0.333696156,5193.81432,-162.73,-19.75,-186.76,-25.47
73834,0.311078484,5193.81432,-163.67,-20.25,-186.76,-25.47
73835,0.312166822,5193.923957,-165.62,-19.91,-186.82,-25.03
73836,0.303716613,5193.923957,-166.5,-20.45,-186.82,-25.03
73837,0.292698992,5195.484175,-163.65,-20.47,-186.89,-24.95
73838,0.278240859,5195.484175,-170.1,-20.68,-186.89,-24.95
73839,0.277403379,5196.639583,-171.21,-20.59,-182.12,-24.93
73840,0.247881688,5198.14921,-175.44,-21.34,-184.15,-25.01
73841,0.272946644,5198.14921,-168.48,-20.78,-184.15,-25.01
73842,0.295261874,5200.847998,-164.82,-20.21,-187.8,-24.72
73843,0.305545217,5199.211855,-161.92,-19.76,-185,-25.12
73844,0.308241707,5199.211855,-160.26,-19.12,-185,-25.12
73845,0.29499379,5197.794995,-157.67,-19.79,-187.78,-24.52
73846,0.344419177,5201.809445,-156.23,-18.46,-187.16,-24.67
73847,0.369393024,5201.809445,-155.82,-18.74,-187.16,-24.67
73848,0.366754969,5203.707046,-155.06,-19,-187.17,-24.6
73849,0.367846944,5199.717878,-155.67,-19.14,-185.65,-25.03
73850,0.344806474,5199.717878,-155.82,-18.48,-185.65,-25.03
73851,0.273281824,5198.056439,-152.51,-18.65,-186.57,-24.94
73852,0.297094697,5202.703425,-155.53,-18.59,-184.91,-24.18
73853,0.259913346,5202.703425,-155.72,-20,-184.91,-24.18
73854,0.27499264,5204.752839,-157.34,-19.26,-185.17,-24.58
73855,0.261545416,5199.566071,-154.83,-18.96,-183.75,-24.6
73856,0.27059043,5199.566071,-158.45,-19.37,-183.75,-24.6
73857,0.282040452,5201.328721,-159.48,-18.88,-182.78,-24.55
73858,0.325483502,5203.445599,-156.27,-18.61,-185,-24.19
73859,0.353532876,5203.445599,-154.29,-18.22,-185,-24.19
73860,0.41265054,5205.427546,-151.23,-17.49,-185.92,-24.51
73861,0.348603514,5210.133656,-148.56,-18.23,-186.78,-24.58
73862,0.36651706,5210.133656,-144.86,-17.85,-186.78,-24.58
73863,0.324651328,5210.133656,-144.86,-17.85,-186.78,-24.58
73864,0.357385054,5205.376943,-152.03,-18.54,-185.01,-24.59
73865,0.305403993,5205.376943,-153.13,-18.58,-185.01,-24.59
73866,0.231904674,5208.657719,-153.61,-18.3,-185.33,-25.39
73867,0.275900816,5214.595235,-151.21,-17.95,-184.56,-25.13
73868,0.366621098,5214.595235,-151.93,-18.11,-184.56,-25.13
73869,0.366836213,5210.951749,-150.46,-18.25,-185.2,-24.73
73870,0.354919422,5216.939903,-152.36,-18.17,-184.98,-24.41
73871,0.296965625,5216.939903,-153.29,-18.85,-184.98,-24.41
73872,0.298713818,5221.781098,-150.15,-18.84,-183.08,-24.15
73873,0.351978127,5223.931821,-151.88,-18.27,-181.06,-24.54
73874,0.361421517,5223.931821,-147.6,-18.48,-181.06,-24.54
73875,0.358239399,5225.719883,-152.53,-18.36,-186.8,-24.35
73876,0.310254679,5221.54494,-154.8,-18.27,-184.75,-24.79
73877,0.365876381,5221.54494,-152.35,-18.6,-184.75,-24.79
73878,0.33906523,5226.411494,-156.33,-18.36,-183.58,-24.87
73879,0.306818527,5233.943384,-154.52,-19.73,-186.07,-24.17
73880,0.375590282,5233.943384,-154.99,-18.55,-186.07,-24.17
73881,0.417351029,5233.234891,-154.4,-18.5,-182.38,-25.11
73882,0.408767441,5237.030403,-149.66,-18.45,-185.12,-24.74
73883,0.360473862,5237.030403,-143.59,-17.73,-185.12,-24.74
73884,0.292112197,5234.196417,-148.87,-17.5,-184.99,-24.13
73885,0.267992162,5239.375205,-145.39,-18.79,-181.8,-24.08
73886,0.288851929,5239.375205,-157.55,-18.35,-181.8,-24.08
73887,0.271691324,5240.336747,-155.83,-18.18,-185.9,-24.45
73888,0.300209107,5240.539177,-151.65,-18.45,-185.59,-24.39
73889,0.370172829,5240.539177,-149.33,-17.81,-185.59,-24.39
73890,0.379847869,5244.123893,-147.81,-17.75,-184.41,-24.56
73891,0.358951693,5244.123893,-152.96,-17.78,-184.41,-24.56
73892,0.340064697,5247.008559,-147.14,-18.22,-184.35,-24.37
73893,0.389582895,5247.008559,-144.98,-17.28,-184.35,-24.37
73894,0.380187956,5249.463072,-142.94,-17.41,-184.54,-25.06
73895,0.422418165,5249.463072,-143.28,-16.86,-184.54,-25.06
73896,0.438588166,5248.754551,-142.44,-16.89,-187.18,-24.29
73897,0.399404676,5246.983255,-140.44,-17.36,-184.39,-24.75
73898,0.469583537,5246.983255,-143.27,-16.99,-184.39,-24.75
73899,0.428887145,5251.192205,-143.53,-17.34,-184.1,-24.99
73900,0.38835197,5260.158516,-145.55,-17.24,-183.59,-24.45
73901,0.326387096,5260.158516,-146.67,-17.51,-183.59,-24.45
73902,0.338591325,5258.952312,-147.87,-18.15,-188.78,-24.32
73903,0.343033613,5259.188491,-145.97,-17.74,-186.87,-24.69
73904,0.369786633,5259.188491,-138.4,-17.18,-186.87,-24.69
73905,0.409403113,5259.509021,-137.72,-16.59,-185.23,-24.45
73906,0.364126002,5259.466846,-136.92,-16.57,-184.9,-24.56
73907,0.386732753,5259.466846,-139.27,-16.22,-184.9,-24.56
73908,0.35703932,5259.458411,-136.65,-16.33,-182.85,-24.69
73909,0.369286423,5264.308561,-138.9,-16.89,-181.43,-24.3
73910,0.353532781,5264.308561,-139.67,-16.62,-181.43,-24.3
73911,0.346785114,5266.501692,-139.21,-16.5,-185.2,-24.34
73912,0.348580355,5271.191659,-141.19,-16.84,-186.65,-24.41
73913,0.373855404,5271.191659,-137.93,-16.55,-186.65,-24.41
73914,0.403677037,5268.753881,-136.29,-16.83,-182.93,-23.65
73915,0.405306994,5269.243122,-139.88,-16.92,-180.19,-23.8
73916,0.364823857,5269.243122,-137.06,-16.67,-180.19,-23.8
73917,0.378132304,5271.950831,-137.48,-16.45,-185.05,-24.32
73918,0.303507446,5271.874914,-137.48,-16.45,-184.52,-24.3
73919,0.394618132,5271.874914,-133.3,-16.76,-184.52,-24.3
73920,0.357795019,5271.874914,-137.65,-16.3,-184.52,-24.3
73921,0.346114882,5279.357058,-131.9,-16.08,-180.97,-24.97
73922,0.414686071,5279.357058,-133.35,-16.58,-180.97,-24.97
73923,0.456451983,5280.58863,-129.81,-15.88,-184.06,-24.69
73924,0.293485251,5283.937515,-131.41,-14.85,-184.12,-23.71
73925,0.351884245,5283.937515,-125.24,-15.4,-184.12,-23.71
73926,0.433395573,5287.159895,-125.18,-14.85,-184.62,-24.65
73927,0.486680825,5288.627689,-123.02,-14.54,-182.84,-24.62
73928,0.528294305,5288.627689,-125.74,-14.68,-182.84,-24.62
73929,0.532102369,5287.488883,-121.34,-14.67,-185.44,-24.61
73930,0.478107658,5288.214344,-124.17,-15.11,-185.41,-24.35
73931,0.522979326,5288.214344,-126.36,-15.24,-185.41,-24.35
73932,0.472760881,5293.031104,-130.26,-15.37,-181.16,-24.64
73933,0.407746818,5291.782621,-128.33,-15.76,-183.61,-24.16
73934,0.425953818,5291.782621,-125.25,-15.18,-183.61,-24.16
73935,0.457511386,5293.132333,-121.25,-14.74,-183.59,-24.2
73936,0.505517779,5296.152329,-122.69,-15.02,-183.02,-24.78
73937,0.523413162,5296.152329,-122.46,-14.73,-183.02,-24.78
73938,0.527076451,5303.744599,-121.25,-14.84,-184.09,-24.31
73939,0.524922095,5300.209957,-126.81,-14.86,-182.69,-24.71
73940,0.511384408,5300.209957,-121.59,-15.17,-182.69,-24.71
73941,0.517493102,5306.604392,-119.82,-14.4,-184.16,-24.55
73942,0.536722252,5306.604392,-125.2,-14.6,-184.16,-24.55
73943,0.561863551,5307.473301,-125.11,-15.21,-183.68,-24.27
73944,0.531515832,5302.082723,-126.38,-15.18,-185.46,-25.14
73945,0.533601162,5302.082723,-128.45,-15.44,-185.46,-25.14
73946,0.511565004,5304.529142,-127.84,-15.69,-182.4,-24.76
73947,0.55284769,5310.662128,-129.81,-15.5,-183.88,-23.78
73948,0.531383863,5310.662128,-131.84,-15.7,-183.88,-23.78
73949,0.548134703,5309.017095,-134.98,-16.26,-180.15,-24.11
73950,0.522133558,5309.017095,-133.7,-16.69,-180.15,-24.11
73951,0.542306077,5307.447993,-133.7,-16.69,-184.01,-24.03
73952,0.550239897,5307.447993,-133.84,-16.31,-184.01,-24.03
73953,0.476865692,5313.707566,-133.99,-17.03,-183.96,-24.05
73954,0.420780283,5312.973622,-138.99,-17.91,-182.24,-23.91
73955,0.430843911,5312.973622,-143.18,-18.27,-182.24,-23.91
73956,0.438704719,5315.302002,-145.16,-17.59,-183.69,-24.65
73957,0.436599028,5314.517437,-137.63,-17.35,-182.03,-24.27
73958,0.487185886,5314.517437,-138.54,-16.75,-182.03,-24.27
73959,0.532405576,5309.320793,-135.85,-16.75,-183.44,-24.07
73960,0.501953189,5314.281225,-140.84,-17.19,-183.92,-24.13
73961,0.488494684,5314.281225,-138.79,-17.3,-183.92,-24.13
73962,0.497806164,5311.379196,-138,-17.3,-183.9,-24.97
73963,0.47887548,5311.556354,-139.71,-17.34,-183.84,-24.25
73964,0.47249082,5311.556354,-139.94,-17.52,-183.84,-24.25
73965,0.489025266,5310.139091,-136.15,-17.04,-183.85,-24.2
73966,0.549670494,5310.139091,-134.7,-16.17,-183.85,-24.2
73967,0.526961014,5311.109241,-132.76,-15.75,-184.62,-24.51
73968,0.505673475,5308.232543,-134.9,-16.06,-183.71,-24.18
73969,0.526513091,5308.232543,-135.21,-16.32,-183.71,-24.18
73970,0.555557778,5306.241644,-134.59,-15.85,-186.02,-23.99
73971,0.565637671,5306.75624,-134.46,-16.61,-179.59,-24.69
73972,0.58563448,5306.75624,-139.71,-16.68,-179.59,-24.69
73973,0.52016616,5307.734817,-139.34,-16.97,-185.38,-24.17
73974,0.515020016,5306.29226,-141.82,-17.28,-181.56,-24.14
73975,0.502966536,5306.29226,-137.84,-17.32,-181.56,-24.14
73976,0.478156221,5303.331238,-135.36,-16.95,-180.86,-24.14
73977,0.494602414,5303.331238,-140.93,-16.55,-180.86,-24.14
73978,0.472706898,5303.415598,-135.78,-16.93,-181.1,-24.55
73979,0.502213169,5303.415598,-130.89,-16.06,-181.1,-24.55
73980,0.537640744,5296.236686,-131.52,-15.21,-184.8,-24.21
73981,0.534006961,5299.214527,-128.13,-15.98,-183.3,-24.18
73982,0.57788374,5299.214527,-128.13,-15.98,-183.3,-24.18
73983,0.482870116,5301.652492,-133.23,-16.47,-180.65,-24.38
73984,0.48774483,5301.652492,-134.78,-16.51,-180.65,-24.38
73985,0.529935323,5298.43843,-130.58,-16.45,-182.88,-23.9
73986,0.62608284,5297.561106,-132.79,-16.09,-183.38,-24.73
73987,0.566874263,5297.561106,-131.85,-15.82,-183.38,-24.73
73988,0.498457953,5294.051826,-132.56,-16.25,-181.49,-24.02
73989,0.476776168,5296.785012,-133.09,-16.32,-183.12,-24.68
73990,0.555370202,5296.785012,-134.58,-16.22,-183.12,-24.68
73991,0.579817195,5296.565682,-134.31,-16,-183.2,-24.69
73992,0.608073412,5297.105572,-133.62,-15.65,-180.12,-24.65
73993,0.594204673,5297.105572,-137.19,-16.22,-180.12,-24.65
73994,0.582036851,5301.112595,-139.77,-16.47,-182.92,-24.11
73995,0.566244724,5299.14704,-140.74,-17.54,-183.13,-24.32
73996,0.554117449,5299.14704,-145.1,-17.75,-183.13,-24.32
73997,0.523414495,5301.10416,-146.29,-18.01,-181.29,-24.51
73998,0.493858924,5306.435672,-146.6,-17.92,-181.95,-24.36
73999,0.503433988,5306.435672,-147.71,-17.73,-181.95,-24.36
74000,0.568605432,5306.75624,-149.2,-17.5,-181.48,-24.62
74001,0.643172308,5303.879574,-146.13,-16.83,-182.1,-23.85
74002,0.636753325,5303.879574,-146.29,-17.23,-182.1,-23.85
74003,0.600514207,5304.073601,-147.18,-17.74,-181.62,-24.16
74004,0.562211635,5312.307168,-147.04,-18.28,-181.36,-24.09
74005,0.537841876,5312.307168,-147.93,-18.54,-181.36,-24.09
74006,0.507981408,5309.632927,-153.15,-19.22,-181.99,-24.3
74007,0.484411197,5309.632927,-153.15,-19.22,-181.99,-24.3
74008,0.440399085,5309.632927,-159.07,-20.07,-181.99,-24.3
74009,0.497516138,5320.043165,-163.05,-20.45,-181.04,-23.82
74010,0.545184001,5321.764171,-169.08,-20.63,-180.08,-23.88
74011,0.559493609,5321.764171,-168.09,-20.71,-180.08,-23.88
74012,0.498173897,5324.320385,-166.97,-20.84,-180.77,-23.97
74013,0.442521796,5318.263113,-166.33,-20.83,-181.44,-24.36
74014,0.448910795,5318.263113,-163.16,-20.02,-181.44,-24.36
74015,0.484635945,5326.286065,-154.83,-19.27,-180.57,-24.27
74016,0.498782041,5333.752365,-153.77,-18.73,-182.02,-23.92
74017,0.50505837,5333.752365,-154.67,-18.59,-182.02,-23.92
74018,0.520938903,5336.882348,-152.41,-18.51,-179,-23.9
74019,0.506429127,5340.687293,-149.05,-17.73,-182.79,-24.16
74020,0.554640154,5340.687293,-149.37,-17.99,-182.79,-24.16
74021,0.600142302,5346.500239,-148.92,-17.8,-181.52,-23.6
74022,0.564138967,5347.70671,-150.54,-17.85,-179.73,-24.64
74023,0.558135016,5347.70671,-151.04,-17.76,-179.73,-24.64
74024,0.602941828,5351.056164,-149.96,-17.5,-180.86,-24.52
74025,0.60547943,5360.311602,-149.7,-18.1,-182.28,-24.27
74026,0.530396175,5360.311602,-151.92,-18.4,-182.28,-24.27
74027,0.54941413,5361.248126,-148.08,-18.46,-182.71,-24.3
74028,0.550235903,5359.43414,-154.06,-18.62,-182.59,-24.39
74029,0.57621716,5359.43414,-155.46,-18.77,-182.59,-24.39
74030,0.563324065,5369.634756,-151.02,-18.54,-180.87,-23.93
74031,0.557962381,5375.000943,-153.42,-19.05,-181.85,-23.87
74032,0.518141277,5375.000943,-157.4,-19.52,-181.85,-23.87
74033,0.496841193,5377.304375,-159.46,-20.35,-183.54,-24.09
74034,0.443325703,5377.304375,-157.46,-20.63,-183.54,-24.09
74035,0.44305945,5388.720486,-160.56,-20.3,-181.45,-24.57
74036,0.40276024,5388.720486,-160.56,-20.3,-181.45,-24.57
74037,0.473845027,5386.670118,-160.31,-20.24,-180,-24.7
74038,0.541399397,5386.670118,-159.29,-19.94,-180,-24.7
74039,0.412508838,5393.276897,-164,-20.52,-183.6,-24.11
74040,0.435787389,5398.364952,-161.51,-20.84,-180.67,-24.25
74041,0.484325635,5398.364952,-158.48,-20.84,-180.67,-24.25
74042,0.401360013,5402.735837,-159.67,-20.36,-182.87,-23.85
74043,0.433481511,5399.934415,-157.18,-19.81,-181.94,-24.02
74044,0.521040856,5399.934415,-155.35,-19.13,-181.94,-24.02
74045,0.521532403,5404.220936,-156.9,-19.07,-181.81,-24.15
74046,0.482181378,5413.283539,-154.53,-19.12,-177.19,-24.29
74047,0.463740185,5413.283539,-158.26,-19.61,-177.19,-24.29
74048,0.426647724,5413.907971,-160.53,-20.11,-183.35,-23.83
74049,0.411308237,5417.772726,-161.07,-20.55,-185.49,-24.3
74050,0.471612281,5417.772726,-158.7,-19.68,-185.49,-24.3
74051,0.543246223,5422.33791,-155.91,-19.46,-181.53,-24.08
74052,0.532145032,5421.451872,-157.31,-19.66,-181.36,-24.5
74053,0.467583837,5421.451872,-161.75,-19.8,-181.36,-24.5
74054,0.466065143,5426.692183,-156.39,-20.21,-182.02,-24.33
74055,0.480558044,5433.932534,-155.11,-19.66,-178.37,-24.02
74056,0.496350102,5433.932534,-155.03,-18.98,-178.37,-24.02
74057,0.492399418,5428.573986,-155.63,-18.69,-181.23,-24.49
74058,0.511901316,5432.78487,-158.67,-18.82,-179.16,-24.55
74059,0.486875496,5432.78487,-154.28,-19.82,-179.16,-24.55
74060,0.463461787,5439.468369,-158.41,-19.97,-180.05,-23.95
74061,0.47479973,5445.898812,-157.12,-19.7,-180.39,-24.22
74062,0.430775123,5445.898812,-156.75,-20.13,-180.39,-24.22
74063,0.44557649,5442.953622,-156.84,-19.97,-182.48,-23.99
74064,0.439241262,5442.953622,-160.67,-20.56,-182.48,-23.99
74065,0.464307861,5442.953622,-156.94,-19.97,-182.48,-23.99
74066,0.421388037,5447.325,-156.94,-19.97,-179.67,-24.3
74067,0.563414358,5453.046683,-154.42,-18.79,-181.46,-24.13
74068,0.459933772,5453.046683,-156.79,-19.5,-181.46,-24.13
74069,0.427660686,5451.772378,-154.69,-19.6,-179.96,-24.7
74070,0.571284684,5455.04676,-154.29,-18.46,-179.13,-24.04
74071,0.573458815,5455.04676,-153.87,-18.91,-179.13,-24.04
74072,0.518674304,5460.430984,-156.62,-19.31,-178.89,-23.86
74073,0.481080922,5457.1228,-155.42,-19.65,-181.62,-24.19
74074,0.459633217,5457.1228,-158.54,-19.3,-181.62,-24.19
74075,0.442565714,5464.768798,-153.57,-19.45,-178.9,-24.14
74076,0.481458128,5463.367864,-152.62,-19.25,-182.27,-24.32
74077,0.443900578,5463.367864,-153.44,-19.58,-182.27,-24.32
74078,0.469377667,5467.823862,-155.32,-18.63,-178.99,-24.19
74079,0.515924314,5470.946466,-150.62,-18.61,-182.44,-23.87
74080,0.53552733,5470.946466,-152.87,-18.51,-182.44,-23.87
74081,0.493784279,5473.866545,-155.13,-18.2,-176.1,-24.48
74082,0.488533209,5476.001761,-151.76,-18.46,-180.1,-23.84
74083,0.495599095,5476.001761,-152.34,-19.25,-180.1,-23.84
74084,0.461514369,5479.985278,-154.9,-19.36,-182.55,-24.42
74085,0.471155425,5485.057568,-154.19,-19.34,-183.43,-24.5
74086,0.472376902,5485.057568,-153.15,-19.55,-183.43,-24.5
74087,0.470458523,5484.070112,-153.58,-18.78,-182.52,-24.43
74088,0.527864114,5487.192844,-154.22,-18.4,-182.13,-24.52
74089,0.535180916,5487.192844,-151.7,-18.26,-182.13,-24.52
74090,0.546985245,5495.438664,-154.68,-18.37,-182,-24.63
74091,0.570627709,5495.438664,-150.9,-18.48,-182,-24.63
