test/fixtures/IMPACTS-WISPER-CWC_P3_20200218_R0_SF07.ict
38, 1001
Toohey, Darin; Noone, David; Wein, Emily
University of Colorado; Atmospheric Investigations
WISPER: Condensed water concentration (ice + liquid water) from cavity ringdown spectrometer measurements of vaporized condensed water particles in heated counterflow virtual impactor inlet.
NASA IMPACTS Mission 2020
1,1
2020, 02, 18, 2021, 10, 03
1.0
Start_UTC, seconds, seconds since start of day of record
6
1, 1, 1, 1, 1, 1
-9999, -9999, -9999, -9999, -9999, -9999
CWC, g/(m^3), condensed water concentration (ice + liquid water)
H2O_VAP, ppm, water vapor mixing ratio
DELTAD_C, permil, HDO/H2(16)O ratio in condensed water
DELTAO18_C, permil, H2(18)O/H2(16)O ratio in condensed water
DELTAD_V, permil, HDO/H2(16)O ratio in water vapor
DELTAO18_V, permil, H2(18)O/H2(16)O ratio in water vapor
0
18
PI_CONTACT_INFO:  University of Colorado - ATOC; 4001 Discovery Drive, Boulder, CO 80303; toohey@colorado.edu
PLATFORM: NASA P3 (ORION)- sampling from CVI inlet and a backward facing pick off tube on port side of fuselage
LOCATION: Aircraft location data available TBD
ASSOCIATED_DATA: N/A
INSTRUMENT_INFO: TBD
DATA_INFO: Condensed water concentration is corrected for inertial enhancement of particle concentrations in subisokinetic inlet.
UNCERTAINTY:  The uncertainty is estimated to be +/- 10% CWC (1-sigma); Contact PIs for uncertainties in water vapor and isotopologue ratios
ULOD_FLAG: -7777
ULOD_VALUE: N/A
LLOD_FLAG: -8888
LLOD_VALUE: N/A
DM_CONTACT_INFO: TBD
PROJECT_INFO:  IMPACTS Mission Jan – Feb, 2020; based in Wallops Island, Virgnia.
STIPULATIONS_ON_USE: Please consult IMPACTS data policy
OTHER_COMMENTS: none.
REVISION: R0
R0: Post-mission calibrations for H2O and isotopologues applied. Additional QA/QC is needed for water vapor and isotopologues to account for condensation and icing on vapor phase inlet.
Start_UTC, CWC, H2O_VAP, DELTAD_C, DELTAO18_C, DELTAD_V, DELTAO18_V
[from data line 15159]
77676,0.008909847,4021.223967,-9999,-9999,-161.76,-19.94
77677,0.008801287,4020.98012,-9999,-9999,-161.95,-20.37
77678,0.008893418,4016.742247,-9999,-9999,-165.94,-20.65
77679,0.008944673,4016.742247,-9999,-9999,-165.94,-20.65
77680,0.009000818,4015.573477,-9999,-9999,-164.82,-19.72
77681,0.008861688,4014.715821,-9999,-9999,-166.61,-20.39
77682,0.008958607,4014.715821,-9999,-9999,-166.61,-20.39
77683,0.00898384,4014.926031,-9999,-9999,-162.59,-20.41
77684,0.008891729,4010.578916,-9999,-9999,-164.67,-20.69
77685,0.008857339,4010.578916,-9999,-9999,-164.67,-20.69
77686,0.008789563,4010.75549,-9999,-9999,-164.87,-20.26
77687,0.008879889,4011.201131,-9999,-9999,-165.34,-20.27
77688,0.008878904,4011.201131,-9999,-9999,-165.34,-20.27
77689,0.008883344,4012.420338,-9999,-9999,-165.11,-20.37
77690,0.008974393,4013.050964,-9999,-9999,-163.79,-19.85
77691,0.008874748,4013.050964,-9999,-9999,-163.79,-19.85
77692,0.008785537,4010.780715,-9999,-9999,-163.19,-20.39
77693,0.008694422,4010.780715,-9999,-9999,-163.19,-20.39
77694,0.008886461,4010.780715,-9999,-9999,-163.19,-20.39
77695,0.0087861,4008.922485,-9999,-9999,-166.91,-20.48
77696,0.008879313,4010.948881,-9999,-9999,-167.58,-20.54
77697,0.008879799,4010.948881,-9999,-9999,-167.58,-20.54
77698,0.008878854,4011.360889,-9999,-9999,-163.2,-20.4
77699,0.008883563,4009.326081,-9999,-9999,-166.81,-20.73
77700,0.008783475,4009.326081,-9999,-9999,-166.81,-20.73
77701,0.008782964,4008.829994,-9999,-9999,-164.46,-20.57
77702,0.008809494,4008.048026,-9999,-9999,-163.01,-19.9
77703,0.008790099,4008.048026,-9999,-9999,-163.01,-19.9
77704,0.008686344,4007.585573,-9999,-9999,-162.21,-20.4
77705,0.008593558,4006.046869,-9999,-9999,-164.15,-20.06
77706,0.008711437,4006.046869,-9999,-9999,-164.15,-20.06
77707,0.008686979,4007.215611,-9999,-9999,-164.85,-20.63
77708,0.008789233,4004.684743,-9999,-9999,-166.04,-20.47
77709,0.008707751,4004.684743,-9999,-9999,-166.04,-20.47
77710,0.008700588,4003.129234,-9999,-9999,-162.55,-20.59
77711,0.008610979,4006.055277,-9999,-9999,-164.37,-19.91
77712,0.008501298,4006.055277,-9999,-9999,-164.37,-19.91
77713,0.008542071,4009.864211,-9999,-9999,-163.12,-19.99
77714,0.008574635,4009.309265,-9999,-9999,-161.2,-20.18
77715,0.008707938,4009.309265,-9999,-9999,-161.2,-20.18
77716,0.008794383,4010.520058,-9999,-9999,-169.46,-20.08
77717,0.008505799,4011.369297,-9999,-9999,-161.19,-20.69
77718,0.00862571,4011.369297,-9999,-9999,-161.19,-20.69
77719,0.008692354,4010.377117,-9999,-9999,-164.22,-20.01
77720,0.008709348,4010.377117,-9999,-9999,-164.22,-20.01
77721,0.008527008,4011.209539,-9999,-9999,-163.35,-20.47
77722,0.008490771,4011.209539,-9999,-9999,-163.35,-20.47
77723,0.008421988,4012.403521,-9999,-9999,-160.53,-20.34
77724,0.008508996,4012.403521,-9999,-9999,-160.53,-20.34
77725,0.008591243,4010.881615,-9999,-9999,-163.89,-19.48
77726,0.008711469,4012.361479,-9999,-9999,-163.32,-20.25
77727,0.008526356,4012.361479,-9999,-9999,-163.32,-20.25
77728,0.0085028,4013.135047,-9999,-9999,-163.66,-20.11
77729,0.008564172,4012.428746,-9999,-9999,-164.7,-20.05
77730,0.008486753,4012.428746,-9999,-9999,-164.7,-20.05
77731,0.008521721,4010.940473,-9999,-9999,-164.67,-19.94
77732,0.008541582,4010.141685,-9999,-9999,-162.93,-20.35
77733,0.008416572,4010.141685,-9999,-9999,-162.93,-20.35
77734,0.008398854,4010.242584,-9999,-9999,-164.34,-20.08
77735,0.008330767,4012.580096,-9999,-9999,-163.92,-20.33
77736,0.008293596,4012.580096,-9999,-9999,-163.92,-20.33
77737,0.008405609,4013.774083,-9999,-9999,-164.32,-20.04
77738,0.00845014,4011.697221,-9999,-9999,-163.73,-20.61
77739,0.008403748,4011.697221,-9999,-9999,-163.73,-20.61
77740,0.008585979,4005.466703,-9999,-9999,-162.15,-19.82
77741,0.008627718,4004.995845,-9999,-9999,-167.97,-18.99
77742,0.008467365,4004.995845,-9999,-9999,-167.97,-18.99
77743,0.008256454,4008.300274,-9999,-9999,-163.36,-19.77
77744,0.008248404,4009.0402,-9999,-9999,-164.17,-19.85
77745,0.008343072,4009.0402,-9999,-9999,-164.17,-19.85
77746,0.008383117,4008.586154,-9999,-9999,-167.58,-19.37
77747,0.008399672,4006.408422,-9999,-9999,-164.41,-19.6
77748,0.008371875,4006.408422,-9999,-9999,-164.41,-19.6
77749,0.008236751,4006.408422,-9999,-9999,-164.41,-19.6
77750,0.008347341,4002.809724,-9999,-9999,-166.32,-19.8
77751,0.008305946,4002.809724,-9999,-9999,-166.32,-19.8
77752,0.008420692,4001.53169,-9999,-9999,-163.31,-20.07
77753,0.008482967,4000.791778,-9999,-9999,-161.08,-19.39
77754,0.008315191,4000.791778,-9999,-9999,-161.08,-19.39
77755,0.00818004,3999.404445,-9999,-9999,-162.78,-19.95
77756,0.008142487,3999.42967,-9999,-9999,-162.09,-20.22
77757,0.00834399,3999.42967,-9999,-9999,-162.09,-20.22
77758,0.008428102,3998.387072,-9999,-9999,-161.35,-20.12
77759,0.008299852,3996.074868,-9999,-9999,-166.06,-20.04
77760,0.008136684,3996.074868,-9999,-9999,-166.06,-20.04
77761,0.008065275,3995.200438,-9999,-9999,-163.75,-19.85
77762,0.008049067,3992.728503,-9999,-9999,-160.18,-19.84
77763,0.008065397,3992.728503,-9999,-9999,-160.18,-19.84
77764,0.008122924,3990.483595,-9999,-9999,-164.44,-19.97
77765,0.008246415,3988.684316,-9999,-9999,-161.81,-19.63
77766,0.008233614,3988.684316,-9999,-9999,-161.81,-19.63
77767,0.008231716,3988.255516,-9999,-9999,-163.54,-20.32
77768,0.008058557,3987.784679,-9999,-9999,-163.72,-20.09
77769,0.007965409,3987.784679,-9999,-9999,-163.72,-20.09
77770,0.007963664,3988.16303,-9999,-9999,-163.5,-19.31
77771,0.008050462,3984.757878,-9999,-9999,-164.79,-19.72
77772,0.008056487,3984.757878,-9999,-9999,-164.79,-19.72
77773,0.008056862,3982.630724,-9999,-9999,-162.53,-19.77
77774,0.008056141,3982.588686,-9999,-9999,-161.97,-19.62
77775,0.007963915,3982.588686,-9999,-9999,-161.97,-19.62
77776,0.007961434,3980.865111,-9999,-9999,-163.08,-19.82
77777,0.007973527,3980.865111,-9999,-9999,-163.08,-19.82
77778,0.007953907,3977.056458,-9999,-9999,-164.97,-19.6
77779,0.007978818,3977.056458,-9999,-9999,-164.97,-19.6
77780,0.007951652,3980.057976,-9999,-9999,-165.7,-19.93
77781,0.007965855,3980.057976,-9999,-9999,-165.7,-19.93
77782,0.00803814,3980.427913,-9999,-9999,-159.78,-19.56
77783,0.008079063,3975.988697,-9999,-9999,-161.13,-19.93
77784,0.007766785,3975.988697,-9999,-9999,-161.13,-19.93
77785,0.007975954,3975.089089,-9999,-9999,-163.25,-19.36
77786,0.007976247,3976.568819,-9999,-9999,-166.16,-19.72
77787,0.007856064,3976.568819,-9999,-9999,-166.16,-19.72
77788,0.007990045,3975.114312,-9999,-9999,-161.9,-19.36
77789,0.007915171,3972.617281,-9999,-9999,-163.23,-19.1
77790,0.007984536,3972.617281,-9999,-9999,-163.23,-19.1
77791,0.008093479,3970.935787,-9999,-9999,-166.25,-19.49
77792,0.007954011,3968.976856,-9999,-9999,-164.83,-19.69
77793,0.007859781,3968.976856,-9999,-9999,-164.83,-19.69
77794,0.007972768,3968.506041,-9999,-9999,-162.43,-19.78
77795,0.007988081,3968.178153,-9999,-9999,-163.09,-19.79
77796,0.00784478,3968.178153,-9999,-9999,-163.09,-19.79
77797,0.00786525,3968.144523,-9999,-9999,-164.34,-19.79
77798,0.007943491,3968.144523,-9999,-9999,-164.34,-19.79
77799,0.00800225,3967.28697,-9999,-9999,-162.26,-19.2
77800,0.007860867,3964.209884,-9999,-9999,-160.3,-19.97
77801,0.00788944,3964.209884,-9999,-9999,-160.3,-19.97
77802,0.007986105,3963.84837,-9999,-9999,-162,-20.01
77803,0.007849138,3961.284152,-9999,-9999,-167.31,-19.3
77804,0.007873832,3961.284152,-9999,-9999,-167.31,-19.3
77805,0.007851772,3956.08851,-9999,-9999,-165.58,-19.24
77806,0.00789175,3956.08851,-9999,-9999,-165.58,-19.24
77807,0.007839802,3951.355323,-9999,-9999,-163.85,-19.28
77808,0.007890316,3951.355323,-9999,-9999,-163.85,-19.28
77809,0.007859014,3950.783646,-9999,-9999,-161.92,-19.64
77810,0.007884487,3949.177908,-9999,-9999,-159.96,-18.87
77811,0.00785175,3949.177908,-9999,-9999,-159.96,-18.87
77812,0.007793731,3951.758861,-9999,-9999,-162.97,-19.6
77813,0.007768852,3947.370411,-9999,-9999,-165.11,-19.55
77814,0.007871219,3947.370411,-9999,-9999,-165.11,-19.55
77815,0.007966182,3945.579735,-9999,-9999,-160.85,-19.88
77816,0.007880415,3945.579735,-9999,-9999,-160.85,-19.88
77817,0.007691441,3947.45448,-9999,-9999,-162.61,-19.22
77818,0.007773406,3945.655398,-9999,-9999,-159.59,-19.18
77819,0.007772898,3945.655398,-9999,-9999,-159.59,-19.18
77820,0.007881173,3942.301055,-9999,-9999,-159.92,-19.3
77821,0.007955881,3938.072439,-9999,-9999,-163.74,-19.72
77822,0.007859075,3938.072439,-9999,-9999,-163.74,-19.72
77823,0.007882052,3938.215354,-9999,-9999,-161.65,-19.55
77824,0.007780896,3940.653318,-9999,-9999,-163.32,-18.43
77825,0.007783595,3940.653318,-9999,-9999,-163.32,-18.43
77826,0.007779721,3937.3999,-9999,-9999,-158.89,-19.31
77827,0.007782609,3936.609668,-9999,-9999,-161.68,-19.26
77828,0.00778078,3936.609668,-9999,-9999,-161.68,-19.26
77829,0.007781527,3937.845457,-9999,-9999,-162.17,-19.27
77830,0.007781546,3938.064032,-9999,-9999,-159.59,-18.58
77831,0.007963899,3938.064032,-9999,-9999,-159.59,-18.58
77832,0.007965264,3939.316639,-9999,-9999,-162.87,-19.05
77833,0.00796419,3936.054825,-9999,-9999,-162.31,-19.73
77834,0.007599546,3936.054825,-9999,-9999,-162.31,-19.73
77835,0.007507324,3937.42512,-9999,-9999,-162,-18.96
77836,0.007859851,3937.42512,-9999,-9999,-162,-18.96
77837,0.007891736,3937.42512,-9999,-9999,-162,-18.96
77838,0.00776153,3933.078863,-9999,-9999,-163.26,-18.7
77839,0.007784342,3932.490399,-9999,-9999,-164.72,-19.66
77840,0.007781549,3932.490399,-9999,-9999,-164.72,-19.66
77841,0.007872049,3934.255794,-9999,-9999,-160.48,-19.33
77842,0.007772478,3933.827055,-9999,-9999,-161.42,-18.88
77843,0.007707794,3933.827055,-9999,-9999,-161.42,-18.88
77844,0.007852534,3934.541621,-9999,-9999,-163.25,-18.51
77845,0.007873647,3932.93595,-9999,-9999,-162.17,-19.25
77846,0.00796408,3932.93595,-9999,-9999,-162.17,-19.25
77847,0.007677661,3930.119737,-9999,-9999,-159.98,-19.1
77848,0.007759655,3930.792264,-9999,-9999,-161.49,-18.68
77849,0.00817658,3930.792264,-9999,-9999,-161.49,-18.68
77850,0.007981503,3931.859902,-9999,-9999,-163.6,-19.03
77851,0.007887387,3928.480458,-9999,-9999,-161.71,-19.05
77852,0.00775331,3928.480458,-9999,-9999,-161.71,-19.05
77853,0.007792439,3927.580959,-9999,-9999,-162.37,-19.04
77854,0.00795199,3927.236292,-9999,-9999,-166.15,-18.89
77855,0.007890309,3927.236292,-9999,-9999,-166.15,-18.89
77856,0.007883576,3924.588249,-9999,-9999,-164.57,-18.95
77857,0.007901521,3918.644928,-9999,-9999,-157.41,-19.32
77858,0.007825749,3918.644928,-9999,-9999,-157.41,-19.32
77859,0.00790383,3912.138482,-9999,-9999,-161.54,-19.33
77860,0.007959463,3912.373855,-9999,-9999,-161.81,-18.88
77861,0.007671107,3912.373855,-9999,-9999,-161.81,-18.88
77862,0.007960263,3913.62638,-9999,-9999,-163.33,-18.92
77863,0.007948762,3913.62638,-9999,-9999,-163.33,-18.92
77864,0.007849522,3910.474059,-9999,-9999,-159.53,-18.93
77865,0.007934859,3910.474059,-9999,-9999,-159.53,-18.93
77866,0.007944093,3907.683226,-9999,-9999,-163.43,-18.93
77867,0.007927649,3907.683226,-9999,-9999,-163.43,-18.93
77868,0.007821202,3908.044688,-9999,-9999,-163.22,-19.41
77869,0.00776519,3904.379644,-9999,-9999,-162.68,-19.25
77870,0.007955222,3904.379644,-9999,-9999,-162.68,-19.25
77871,0.008062281,3900.849129,-9999,-9999,-162.62,-18.99
77872,0.00803125,3897.562416,-9999,-9999,-166.37,-19.71
77873,0.0079512,3897.562416,-9999,-9999,-166.37,-19.71
77874,0.007800371,3900.899565,-9999,-9999,-165.08,-19.25
77875,0.007793733,3902.252925,-9999,-9999,-159.06,-18.71
77876,0.007864163,3902.252925,-9999,-9999,-159.06,-18.71
77877,0.008076648,3897.20937,-9999,-9999,-165.08,-18.54
77878,0.007864541,3894.023557,-9999,-9999,-160.64,-18.94
77879,0.007874632,3894.023557,-9999,-9999,-160.64,-18.94
77880,0.008033717,3892.258342,-9999,-9999,-161.8,-19.41
77881,0.007869528,3889.971981,-9999,-9999,-159,-18.78
77882,0.007995931,3889.971981,-9999,-9999,-159,-18.78
77883,0.00812296,3891.863272,-9999,-9999,-163.18,-18.74
77884,0.00793436,3890.316615,-9999,-9999,-161.1,-18.96
77885,0.007880936,3890.316615,-9999,-9999,-161.1,-18.96
77886,0.007898898,3892.224719,-9999,-9999,-164.12,-19
77887,0.007986295,3892.460081,-9999,-9999,-161.44,-19.02
77888,0.007967533,3892.460081,-9999,-9999,-161.44,-19.02
77889,0.008048964,3890.039227,-9999,-9999,-161.07,-18.46
77890,0.008137176,3888.988513,-9999,-9999,-162.81,-18.8
77891,0.008238228,3888.988513,-9999,-9999,-162.81,-18.8
77892,0.008056239,3893.628485,-9999,-9999,-159.24,-18.92
77893,0.008056294,3893.628485,-9999,-9999,-159.24,-18.92
77894,0.008148889,3893.628485,-9999,-9999,-159.24,-18.92
77895,0.008148122,3890.005604,-9999,-9999,-161.94,-19.01
77896,0.00823419,3889.48445,-9999,-9999,-161.66,-18.89
77897,0.008055188,3889.48445,-9999,-9999,-161.66,-18.89
77898,0.008143945,3889.139816,-9999,-9999,-161.95,-19.48
77899,0.008061691,3891.442984,-9999,-9999,-157.73,-18.95
77900,0.008056454,3891.442984,-9999,-9999,-157.73,-18.95
77901,0.007964336,3893.712543,-9999,-9999,-160.86,-18.88
77902,0.008049138,3892.703848,-9999,-9999,-163.14,-18.81
77903,0.008152177,3892.703848,-9999,-9999,-163.14,-18.81
77904,0.008153994,3891.636316,-9999,-9999,-159.73,-19.15
77905,0.007952044,3891.165594,-9999,-9999,-164.3,-18.99
77906,0.008053276,3891.165594,-9999,-9999,-164.3,-18.99
77907,0.00807232,3892.199502,-9999,-9999,-159.29,-18.76
77908,0.008247013,3892.048198,-9999,-9999,-164.18,-18.4
77909,0.008061774,3892.048198,-9999,-9999,-164.18,-18.4
77910,0.008121232,3892.493704,-9999,-9999,-162.79,-18.57
77911,0.00814194,3892.930804,-9999,-9999,-160.62,-18.14
77912,0.00822793,3892.930804,-9999,-9999,-160.62,-18.14
77913,0.008158966,3890.13169,-9999,-9999,-159.21,-19.07
77914,0.008234822,3890.072849,-9999,-9999,-160.06,-18.74
77915,0.008341678,3890.072849,-9999,-9999,-160.06,-18.74
77916,0.00813295,3890.644439,-9999,-9999,-161.34,-18.65
77917,0.00828175,3890.568787,-9999,-9999,-158.05,-19.26
77918,0.008227198,3890.568787,-9999,-9999,-158.05,-19.26
77919,0.007928888,3887.391434,-9999,-9999,-159.19,-18.58
77920,0.00825409,3887.391434,-9999,-9999,-159.19,-18.58
77921,0.008151185,3882.625453,-9999,-9999,-159.61,-17.99
77922,0.008126433,3882.625453,-9999,-9999,-159.61,-17.99
77923,0.008332365,3880.61653,-9999,-9999,-159.31,-18.67
77924,0.008140854,3880.61653,-9999,-9999,-159.31,-18.67
77925,0.008243354,3880.793046,-9999,-9999,-162.68,-18.32
77926,0.008321679,3879.658302,-9999,-9999,-159.8,-18.6
77927,0.008238871,3879.658302,-9999,-9999,-159.8,-18.6
77928,0.00829026,3877.170283,-9999,-9999,-162.39,-18.39
77929,0.008358933,3876.472632,-9999,-9999,-158.96,-18.76
77930,0.008161575,3876.472632,-9999,-9999,-158.96,-18.76
77931,0.008138208,3874.715901,-9999,-9999,-160.99,-18.22
77932,0.008253542,3868.958252,-9999,-9999,-159.31,-19.06
77933,0.008302542,3868.958252,-9999,-9999,-159.31,-19.06
77934,0.008128796,3869.882832,-9999,-9999,-160.67,-17.81
77935,0.008153765,3870.219044,-9999,-9999,-155.25,-18.7
77936,0.008320705,3870.219044,-9999,-9999,-155.25,-18.7
77937,0.008074833,3866.966208,-9999,-9999,-159.94,-18.25
77938,0.008148897,3865.789479,-9999,-9999,-159.17,-18.43
77939,0.008307127,3865.789479,-9999,-9999,-159.17,-18.43
77940,0.008245873,3862.435819,-9999,-9999,-162.63,-17.94
77941,0.00815818,3861.200267,-9999,-9999,-162.73,-18.14
77942,0.008136938,3861.200267,-9999,-9999,-162.73,-18.14
77943,0.00807298,3857.33394,-9999,-9999,-163.09,-18.44
77944,0.008221541,3857.165839,-9999,-9999,-160.03,-18.35
77945,0.008323431,3857.165839,-9999,-9999,-160.03,-18.35
77946,0.008147291,3855.963924,-9999,-9999,-156.28,-19.13
77947,0.00806593,3854.661153,-9999,-9999,-159.6,-18.34
77948,0.008246366,3854.661153,-9999,-9999,-159.6,-18.34
77949,0.008414361,3854.661153,-9999,-9999,-159.6,-18.34
77950,0.008053441,3848.214601,-9999,-9999,-161.96,-18.35
77951,0.008146342,3848.214601,-9999,-9999,-161.96,-18.35
77952,0.008238765,3848.559199,-9999,-9999,-160.16,-18.85
77953,0.008146022,3844.533306,-9999,-9999,-160.44,-18.41
77954,0.008332958,3844.533306,-9999,-9999,-160.44,-18.41
77955,0.008236019,3843.802094,-9999,-9999,-155.86,-18.37
77956,0.008149652,3840.465432,-9999,-9999,-162.23,-17.79
77957,0.008331821,3840.465432,-9999,-9999,-162.23,-17.79
