test/fixtures/IMPACTS_AVAPS_P3B_202002202248_R0.ict
100, 1001
Thornhill, Lee
NASA Langley
AVAPS NRD41
IMPACTS
1,1
2020, 02, 20, 2020, 05, 07
0.25
Time_Start, seconds, Time_Start, Starting time of the sampling period in UTC seconds from midnight
14
1, 1, 1, 1, 1, 1, 1, 1, 1, 1, 1, 1, 1, 1
-9999, -9999, -9999, -9999, -9999, -9999, -9999, -9999, -9999, -9999, -9999, -9999, -9999, -9999
TimeFLStart, seconds, None, Starting time of the sampling period from the launch
Pressure, mb, Met_StaticPressure_InSitu_None, Static air pressure
Temperature, deg C, Met_StaticAirTemperature_InSitu_None, Static air Temperature
RH, %, Met_RelativeHumidityWater_InSitu_None, Relative humidity over water
Speed, m/s, Met_WindSpeed_InSitu_None, Wind Speed
Direction, deg, Met_WindDirection_InSitu_None, Wind Direction
Latitude, deg, Platform_Latitude_InSitu_None, Sonde latitude
Longitude, deg, Platform_longitude_InSitu_None, Sonde longitude
Altitude, m, Platform_AltitudePressure_InSitu_None, Sonde pressure altitude
GPS Altitude, m, Platform_AltitudeMSL_InSitu_None, Sonde altitude over mean sea level
Dewpoint, deg C, Met_DewPoint_InSitu_None, Dew Point Temperature
Uwnd, m/s, Met_UWindSpeed_InSitu_None, East-West wind speed
Vwnd, m/s, Met_VWindSpeed_InSitu_None, North-South wind speed
Ascent, m/s, Met_WWindSpeed_InSitu_None, Vertical wind speed
54
Launch Time: 2020-02-20 22:48:52
QCSoftware: Aspen V3.4.3-13
ChuteArea: 400
DragCoef: 0.52
DropSondeMass: 169
DropSondeHitSfc: 1
GPSAltBuddySlope: 50
GPSAltQCDev: 50
GPSAltQCWL: 30
GPSPosBuddySlope: 0.001
GPSPosQCDev: 20
GPSPosQCWL: 30
PosInterpSpan: 60
PresBuddySlope: 2
PresEquilTime: 3.53
PresOffset: 0
PresOutlier: 10
PresQCDev: 3
PresQCWL: 10
PresSmoothWL: 5
RHBuddySlope: 7
RHEquilTime: 8.09
RHEquilTimeOverride: 0
RHOffset: 0
RHOutlier: 10
RHQCDev: 3
RHQCWL: 10
RHSmoothWL: 5
RHThreshold: 0
RHchoice: 0
Sonde Serial Number: 190510704
TdryBuddySlope: 3
TdryDynCor: 1
TdryDynCorWL: 20
TdryEquilTime: 3.53
TdryEquilTimeOverride: 0
TdryOffset: 0
TdryOutlier: 10
TdryOutlier: 10
TdryQCWL: 10
TdrySmoothWL: 5
WindBuddySlope: 1.5
WindDynCor: 1
WindDynCorWL: 10
WindEquilTime: 10
WindErrorHigh: 999
WindErrorLow: 999
WindOutlier: 999
WindQCDev: 999
WindQCWL: 30
WindSats: 7
WindSmoothWL: 10
WindVVPresWL: 5
WindVVdelta: 2.5
18
PI_CONTACT_INFO: kenneth.l.thornhill@nasa.gov
PLATFORM NASA P-3, N426NA
LOCATION: Launch latitude, longitude, and elevation data are included in the corresponding "MetNav" files.
ASSOCIATED_DATA: N/A
INSTRUMENT_INFO: AVAPS NRD41, Serial Number: 190510704
DATA_INFO: 4 Hz data at a constant 0.25 second interval for winds; 2 Hz, 0.5 second interval for thermodynamics
UNCERTAINTY: Contact PI
ULOD_FLAG: -77777
ULOD_VALUE: N/A
LLOD_FLAG: -88888
LLOD_VALUE: N/A
DM_CONTACT_INFO: Claire Robinson, claire.e.robinson@nasa.gov
PROJECT_INFO: IMPACTS
OTHER_COMMENTS: Final QC by Holger Vömel at NCAR, check data report for more information.
STIPULATIONS_ON_USE: Users are strongly encouraged to consult with the PI for proper data use.
REVISION: R0
R0: Final Data
Time_Start,TimeFLStart,Pressure,Temperature,RH,Speed,Direction,Latitude,Longitude,Altitude,GPS Altitude,Dewpoint,Uwnd,Vwnd,Ascent
[from data line 841]
82342.25,210.25,-9999,-9999,-9999,21.63,32.94,-9999,-9999,-9999,-9999,-9999,-11.76,-18.15,-9999
82342.50,210.50,970.69,3.02,100.00,21.61,32.98,33.89,-77.81,399.11,397.03,3.02,-11.77,-18.13,2.07
82342.75,210.75,-9999,-9999,-9999,21.60,33.00,-9999,-9999,-9999,-9999,-9999,-11.76,-18.11,-9999
82343.00,211.00,971.25,3.01,100.00,21.59,33.00,33.89,-77.81,394.44,392.36,3.01,-11.76,-18.11,1.90
82343.25,211.25,-9999,-9999,-9999,21.58,32.97,-9999,-9999,-9999,-9999,-9999,-11.74,-18.10,-9999
82343.50,211.50,971.82,3.00,100.00,21.57,32.92,33.89,-77.81,389.64,387.69,3.00,-11.72,-18.11,1.73
82343.75,211.75,-9999,-9999,-9999,21.57,32.85,-9999,-9999,-9999,-9999,-9999,-11.70,-18.12,-9999
82344.00,212.00,972.41,2.99,100.00,21.58,32.75,33.89,-77.81,384.72,383.08,2.99,-11.67,-18.15,1.62
82344.25,212.25,-9999,-9999,-9999,21.58,32.63,-9999,-9999,-9999,-9999,-9999,-11.64,-18.18,-9999
82344.50,212.50,973.01,2.97,100.00,21.60,32.50,33.89,-77.81,379.76,378.27,2.97,-11.61,-18.21,1.56
82344.75,212.75,-9999,-9999,-9999,21.62,32.36,-9999,-9999,-9999,-9999,-9999,-11.57,-18.26,-9999
82345.00,213.00,973.60,2.96,100.00,21.64,32.21,33.89,-77.81,374.81,373.27,2.96,-11.54,-18.31,1.57
82345.25,213.25,-9999,-9999,-9999,21.67,32.06,-9999,-9999,-9999,-9999,-9999,-11.50,-18.36,-9999
82345.50,213.50,974.19,2.95,100.00,21.70,31.90,33.89,-77.81,369.95,368.30,2.95,-11.47,-18.42,1.61
82345.75,213.75,-9999,-9999,-9999,21.74,31.74,-9999,-9999,-9999,-9999,-9999,-11.44,-18.49,-9999
82346.00,214.00,974.77,2.94,100.00,21.78,31.58,33.89,-77.81,365.14,363.51,2.94,-11.40,-18.55,1.62
82346.25,214.25,-9999,-9999,-9999,21.82,31.41,-9999,-9999,-9999,-9999,-9999,-11.37,-18.62,-9999
82346.50,214.50,975.35,2.95,100.00,21.87,31.23,33.89,-77.81,360.29,358.73,2.95,-11.34,-18.70,1.60
82346.75,214.75,-9999,-9999,-9999,21.91,31.05,-9999,-9999,-9999,-9999,-9999,-11.30,-18.77,-9999
82347.00,215.00,975.94,2.96,100.00,21.96,30.86,33.89,-77.81,355.38,353.89,2.96,-11.26,-18.85,1.59
82347.25,215.25,-9999,-9999,-9999,22.01,30.66,-9999,-9999,-9999,-9999,-9999,-11.22,-18.93,-9999
82347.50,215.50,976.53,2.97,100.00,22.06,30.45,33.89,-77.81,350.45,349.06,2.97,-11.18,-19.01,1.60
82347.75,215.75,-9999,-9999,-9999,22.11,30.23,-9999,-9999,-9999,-9999,-9999,-11.13,-19.10,-9999
82348.00,216.00,977.12,3.00,100.00,22.15,30.01,33.89,-77.81,345.54,344.25,3.00,-11.08,-19.18,1.66
82348.25,216.25,-9999,-9999,-9999,22.20,29.77,-9999,-9999,-9999,-9999,-9999,-11.02,-19.27,-9999
82348.50,216.50,977.71,3.03,100.00,22.24,29.53,33.89,-77.81,340.70,339.59,3.03,-10.96,-19.35,1.75
82348.75,216.75,-9999,-9999,-9999,22.27,29.28,-9999,-9999,-9999,-9999,-9999,-10.89,-19.43,-9999
82349.00,217.00,978.28,3.06,99.99,22.31,29.02,33.89,-77.81,335.93,334.98,3.06,-10.82,-19.51,1.84
82349.25,217.25,-9999,-9999,-9999,22.33,28.77,-9999,-9999,-9999,-9999,-9999,-10.75,-19.58,-9999
82349.50,217.50,978.85,3.10,99.83,22.36,28.52,33.89,-77.81,331.22,330.31,3.08,-10.67,-19.64,1.91
82349.75,217.75,-9999,-9999,-9999,22.37,28.27,-9999,-9999,-9999,-9999,-9999,-10.60,-19.71,-9999
82350.00,218.00,979.42,3.14,99.55,22.39,28.03,33.89,-77.81,326.53,325.48,3.08,-10.52,-19.76,1.93
82350.25,218.25,-9999,-9999,-9999,22.40,27.81,-9999,-9999,-9999,-9999,-9999,-10.45,-19.81,-9999
82350.50,218.50,979.99,3.17,99.21,22.41,27.62,33.89,-77.81,321.80,320.56,3.06,-10.39,-19.86,1.91
82350.75,218.75,-9999,-9999,-9999,22.42,27.44,-9999,-9999,-9999,-9999,-9999,-10.33,-19.90,-9999
82351.00,219.00,980.57,3.18,98.88,22.43,27.29,33.89,-77.81,317.02,315.69,3.02,-10.28,-19.93,1.85
82351.25,219.25,-9999,-9999,-9999,22.43,27.15,-9999,-9999,-9999,-9999,-9999,-10.24,-19.96,-9999
82351.50,219.50,981.14,3.19,98.57,22.43,27.04,33.89,-77.81,312.26,310.83,2.99,-10.20,-19.98,1.74
82351.75,219.75,-9999,-9999,-9999,22.43,26.94,-9999,-9999,-9999,-9999,-9999,-10.16,-20.00,-9999
82352.00,220.00,981.72,3.20,98.28,22.43,26.85,33.89,-77.81,307.50,306.24,2.95,-10.13,-20.01,1.55
82352.25,220.25,-9999,-9999,-9999,22.42,26.76,-9999,-9999,-9999,-9999,-9999,-10.09,-20.02,-9999
82352.50,220.50,982.31,3.21,98.05,22.40,26.67,33.89,-77.81,302.61,301.54,2.93,-10.06,-20.02,1.27
82352.75,220.75,-9999,-9999,-9999,22.38,26.59,-9999,-9999,-9999,-9999,-9999,-10.02,-20.02,-9999
82353.00,221.00,982.93,3.23,97.88,22.36,26.51,33.89,-77.81,297.51,296.55,2.93,-9.98,-20.01,1.00
82353.25,221.25,-9999,-9999,-9999,22.33,26.43,-9999,-9999,-9999,-9999,-9999,-9.94,-19.99,-9999
82353.50,221.50,983.57,3.26,97.75,22.29,26.35,33.89,-77.81,292.22,291.37,2.94,-9.89,-19.97,0.78
82353.75,221.75,-9999,-9999,-9999,22.25,26.26,-9999,-9999,-9999,-9999,-9999,-9.84,-19.95,-9999
82354.00,222.00,984.22,3.30,97.62,22.20,26.17,33.89,-77.81,286.83,285.98,2.96,-9.79,-19.92,0.68
82354.25,222.25,-9999,-9999,-9999,22.15,26.08,-9999,-9999,-9999,-9999,-9999,-9.74,-19.89,-9999
82354.50,222.50,984.88,3.33,97.50,22.10,25.98,33.89,-77.81,281.43,280.68,2.98,-9.68,-19.87,0.73
82354.75,222.75,-9999,-9999,-9999,22.05,25.88,-9999,-9999,-9999,-9999,-9999,-9.62,-19.84,-9999
82355.00,223.00,985.52,3.35,97.38,22.00,25.76,33.89,-77.81,276.14,275.47,2.98,-9.56,-19.81,0.85
82355.25,223.25,-9999,-9999,-9999,21.95,25.64,-9999,-9999,-9999,-9999,-9999,-9.50,-19.79,-9999
82355.50,223.50,986.15,3.37,97.26,21.91,25.51,33.89,-77.81,270.97,270.25,2.97,-9.44,-19.77,1.02
82355.75,223.75,-9999,-9999,-9999,21.87,25.38,-9999,-9999,-9999,-9999,-9999,-9.38,-19.76,-9999
82356.00,224.00,986.76,3.37,97.10,21.84,25.25,33.89,-77.81,265.92,265.07,2.96,-9.32,-19.76,1.15
82356.25,224.25,-9999,-9999,-9999,21.82,25.12,-9999,-9999,-9999,-9999,-9999,-9.26,-19.76,-9999
82356.50,224.50,987.37,3.38,96.89,21.81,25.00,33.89,-77.81,260.90,259.92,2.93,-9.21,-19.76,1.19
82356.75,224.75,-9999,-9999,-9999,21.80,24.89,-9999,-9999,-9999,-9999,-9999,-9.17,-19.77,-9999
82357.00,225.00,987.99,3.39,96.70,21.80,24.79,33.89,-77.81,255.85,254.85,2.92,-9.14,-19.79,1.16
82357.25,225.25,-9999,-9999,-9999,21.81,24.72,-9999,-9999,-9999,-9999,-9999,-9.12,-19.81,-9999
82357.50,225.50,988.61,3.41,96.54,21.82,24.66,33.89,-77.81,250.75,249.84,2.92,-9.11,-19.83,1.05
82357.75,225.75,-9999,-9999,-9999,21.85,24.64,-9999,-9999,-9999,-9999,-9999,-9.11,-19.86,-9999
82358.00,226.00,989.23,3.44,96.39,21.87,24.63,33.89,-77.81,245.61,244.66,2.93,-9.12,-19.88,0.90
82358.25,226.25,-9999,-9999,-9999,21.91,24.66,-9999,-9999,-9999,-9999,-9999,-9.14,-19.91,-9999
82358.50,226.50,989.87,3.48,96.25,21.94,24.70,33.89,-77.81,240.38,239.39,2.94,-9.17,-19.94,0.74
82358.75,226.75,-9999,-9999,-9999,21.98,24.77,-9999,-9999,-9999,-9999,-9999,-9.21,-19.96,-9999
82359.00,227.00,990.52,3.53,96.14,22.02,24.85,33.89,-77.81,235.05,234.15,2.97,-9.25,-19.98,0.61
82359.25,227.25,-9999,-9999,-9999,22.06,24.94,-9999,-9999,-9999,-9999,-9999,-9.30,-20.00,-9999
82359.50,227.50,991.18,3.58,96.07,22.10,25.04,33.89,-77.81,229.63,228.82,3.01,-9.35,-20.02,0.54
82359.75,227.75,-9999,-9999,-9999,22.13,25.13,-9999,-9999,-9999,-9999,-9999,-9.40,-20.04,-9999
82360.00,228.00,991.85,3.64,95.95,22.16,25.22,33.89,-77.81,224.17,223.39,3.05,-9.45,-20.05,0.54
82360.25,228.25,-9999,-9999,-9999,22.19,25.30,-9999,-9999,-9999,-9999,-9999,-9.48,-20.06,-9999
82360.50,228.50,992.51,3.70,95.72,22.21,25.36,33.89,-77.81,218.76,218.09,3.08,-9.51,-20.07,0.61
82360.75,228.75,-9999,-9999,-9999,22.23,25.40,-9999,-9999,-9999,-9999,-9999,-9.53,-20.08,-9999
82361.00,229.00,993.15,3.75,95.43,22.23,25.41,33.89,-77.81,213.49,212.70,3.09,-9.54,-20.08,0.68
82361.25,229.25,-9999,-9999,-9999,22.23,25.39,-9999,-9999,-9999,-9999,-9999,-9.54,-20.09,-9999
82361.50,229.50,993.79,3.81,95.12,22.23,25.34,33.89,-77.81,208.27,207.43,3.10,-9.51,-20.09,0.67
82361.75,229.75,-9999,-9999,-9999,22.22,25.25,-9999,-9999,-9999,-9999,-9999,-9.48,-20.09,-9999
82362.00,230.00,994.44,3.86,94.81,22.20,25.13,33.89,-77.81,202.98,202.14,3.11,-9.43,-20.10,0.58
82362.25,230.25,-9999,-9999,-9999,22.18,24.96,-9999,-9999,-9999,-9999,-9999,-9.36,-20.11,-9999
82362.50,230.50,995.09,3.91,94.53,22.15,24.77,33.89,-77.81,197.60,196.78,3.11,-9.28,-20.12,0.40
82362.75,230.75,-9999,-9999,-9999,22.13,24.53,-9999,-9999,-9999,-9999,-9999,-9.19,-20.13,-9999
82363.00,231.00,995.76,3.95,94.26,22.11,24.28,33.89,-77.81,192.13,191.20,3.12,-9.09,-20.15,0.18
82363.25,231.25,-9999,-9999,-9999,22.09,24.00,-9999,-9999,-9999,-9999,-9999,-8.98,-20.18,-9999
82363.50,231.50,996.45,4.00,93.95,22.07,23.72,33.89,-77.81,186.53,185.45,3.12,-8.88,-20.21,-0.03
82363.75,231.75,-9999,-9999,-9999,22.06,23.43,-9999,-9999,-9999,-9999,-9999,-8.77,-20.24,-9999
82364.00,232.00,997.15,4.04,93.60,22.05,23.15,33.89,-77.81,180.80,179.72,3.11,-8.67,-20.28,-0.21
82364.25,232.25,-9999,-9999,-9999,22.05,22.88,-9999,-9999,-9999,-9999,-9999,-8.57,-20.32,-9999
82364.50,232.50,997.86,4.09,93.23,22.05,22.63,33.89,-77.81,174.98,174.04,3.10,-8.49,-20.36,-0.29
82364.75,232.75,-9999,-9999,-9999,22.06,22.42,-9999,-9999,-9999,-9999,-9999,-8.41,-20.40,-9999
82365.00,233.00,998.58,4.13,92.86,22.07,22.23,33.89,-77.81,169.14,168.41,3.08,-8.35,-20.43,-0.29
82365.25,233.25,-9999,-9999,-9999,22.09,22.08,-9999,-9999,-9999,-9999,-9999,-8.30,-20.47,-9999
82365.50,233.50,999.29,4.17,92.50,22.10,21.96,33.89,-77.81,163.37,162.75,3.07,-8.26,-20.50,-0.21
82365.75,233.75,-9999,-9999,-9999,22.12,21.88,-9999,-9999,-9999,-9999,-9999,-8.24,-20.53,-9999
82366.00,234.00,999.98,4.22,92.17,22.14,21.83,33.89,-77.81,157.70,157.17,3.06,-8.23,-20.55,-0.09
82366.25,234.25,-9999,-9999,-9999,22.15,21.81,-9999,-9999,-9999,-9999,-9999,-8.23,-20.57,-9999
82366.50,234.50,1000.67,4.26,91.88,22.17,21.82,33.89,-77.81,152.12,151.56,3.06,-8.24,-20.58,0.01
82366.75,234.75,-9999,-9999,-9999,22.19,21.86,-9999,-9999,-9999,-9999,-9999,-8.26,-20.60,-9999
82367.00,235.00,1001.36,4.31,91.60,22.21,21.92,33.89,-77.81,146.54,145.86,3.07,-8.29,-20.61,0.11
82367.25,235.25,-9999,-9999,-9999,22.23,22.00,-9999,-9999,-9999,-9999,-9999,-8.33,-20.61,-9999
82367.50,235.50,1002.04,4.37,91.34,22.25,22.09,33.89,-77.81,140.96,140.19,3.08,-8.37,-20.61,0.23
82367.75,235.75,-9999,-9999,-9999,22.26,22.20,-9999,-9999,-9999,-9999,-9999,-8.41,-20.61,-9999
82368.00,236.00,1002.72,4.42,91.18,22.27,22.32,33.89,-77.81,135.44,134.52,3.12,-8.46,-20.60,0.38
82368.25,236.25,-9999,-9999,-9999,22.28,22.45,-9999,-9999,-9999,-9999,-9999,-8.51,-20.59,-9999
82368.50,236.50,1003.39,4.48,91.34,22.29,22.59,33.89,-77.81,130.02,128.93,3.20,-8.56,-20.58,0.56
82368.75,236.75,-9999,-9999,-9999,22.29,22.73,-9999,-9999,-9999,-9999,-9999,-8.61,-20.56,-9999
82369.00,237.00,1004.04,4.55,91.90,22.28,22.88,33.89,-77.81,124.75,123.64,3.36,-8.66,-20.53,0.74
82369.25,237.25,-9999,-9999,-9999,22.27,23.03,-9999,-9999,-9999,-9999,-9999,-8.71,-20.50,-9999
82369.50,237.50,1004.67,4.63,92.56,22.25,23.17,33.89,-77.81,119.59,118.54,3.54,-8.76,-20.46,0.88
82369.75,237.75,-9999,-9999,-9999,22.23,23.32,-9999,-9999,-9999,-9999,-9999,-8.80,-20.42,-9999
82370.00,238.00,1005.31,4.71,93.04,22.21,23.46,33.89,-77.81,114.45,113.54,3.68,-8.84,-20.37,0.98
82370.25,238.25,-9999,-9999,-9999,22.18,23.60,-9999,-9999,-9999,-9999,-9999,-8.88,-20.32,-9999
82370.50,238.50,1005.94,4.78,93.12,22.14,23.73,33.89,-77.81,109.32,108.49,3.76,-8.91,-20.27,1.06
82370.75,238.75,-9999,-9999,-9999,22.11,23.85,-9999,-9999,-9999,-9999,-9999,-8.94,-20.22,-9999
82371.00,239.00,1006.57,4.83,92.73,22.08,23.96,33.89,-77.81,104.21,103.36,3.76,-8.96,-20.17,1.13
82371.25,239.25,-9999,-9999,-9999,22.04,24.05,-9999,-9999,-9999,-9999,-9999,-8.98,-20.13,-9999
82371.50,239.50,1007.19,4.88,92.19,22.01,24.13,33.89,-77.81,99.16,98.26,3.72,-9.00,-20.08,1.16
82371.75,239.75,-9999,-9999,-9999,21.97,24.19,-9999,-9999,-9999,-9999,-9999,-9.00,-20.05,-9999
82372.00,240.00,1007.81,4.92,91.84,21.95,24.22,33.89,-77.81,94.15,93.02,3.71,-9.01,-20.01,1.15
82372.25,240.25,-9999,-9999,-9999,21.92,24.24,-9999,-9999,-9999,-9999,-9999,-9.00,-19.99,-9999
82372.50,240.50,1008.43,4.97,91.65,21.91,24.24,33.89,-77.81,89.15,87.66,3.73,-8.99,-19.98,1.07
82372.75,240.75,-9999,-9999,-9999,21.90,24.21,-9999,-9999,-9999,-9999,-9999,-8.98,-19.97,-9999
82373.00,241.00,1009.05,5.02,91.45,21.89,24.16,33.89,-77.81,84.08,82.33,3.75,-8.96,-19.97,0.92
82373.25,241.25,-9999,-9999,-9999,21.89,24.10,-9999,-9999,-9999,-9999,-9999,-8.94,-19.99,-9999
82373.50,241.50,1009.69,5.07,91.06,21.90,24.01,33.89,-77.81,78.89,77.27,3.74,-8.91,-20.01,0.77
82373.75,241.75,-9999,-9999,-9999,21.92,23.91,-9999,-9999,-9999,-9999,-9999,-8.88,-20.04,-9999
82374.00,242.00,1010.35,5.10,90.33,21.95,23.80,33.89,-77.81,73.59,72.17,3.66,-8.86,-20.08,0.64
82374.25,242.25,-9999,-9999,-9999,21.98,23.69,-9999,-9999,-9999,-9999,-9999,-8.83,-20.13,-9999
82374.50,242.50,1011.02,5.12,89.43,22.01,23.57,33.89,-77.81,68.21,67.06,3.53,-8.80,-20.18,0.59
82374.75,242.75,-9999,-9999,-9999,22.05,23.46,-9999,-9999,-9999,-9999,-9999,-8.78,-20.23,-9999
82375.00,243.00,1011.68,5.14,88.70,22.09,23.35,33.89,-77.81,62.85,62.00,3.43,-8.76,-20.28,0.63
82375.25,243.25,-9999,-9999,-9999,22.13,23.25,-9999,-9999,-9999,-9999,-9999,-8.74,-20.34,-9999
82375.50,243.50,1012.33,5.16,88.37,22.17,23.16,33.89,-77.81,57.56,56.82,3.41,-8.72,-20.39,0.69
82375.75,243.75,-9999,-9999,-9999,22.21,23.09,-9999,-9999,-9999,-9999,-9999,-8.71,-20.43,-9999
82376.00,244.00,1012.98,5.21,88.52,22.26,23.00,33.89,-77.81,52.35,51.39,3.48,-8.70,-20.49,0.74
82376.25,244.25,-9999,-9999,-9999,22.30,22.95,-9999,-9999,-9999,-9999,-9999,-8.69,-20.53,-9999
82376.50,244.50,1013.62,5.28,88.93,22.33,22.92,33.89,-77.81,47.18,46.06,3.62,-8.69,-20.56,0.71
82376.75,244.75,-9999,-9999,-9999,22.35,22.90,-9999,-9999,-9999,-9999,-9999,-8.70,-20.59,-9999
82377.00,245.00,1014.27,5.36,89.03,22.36,22.88,33.89,-77.81,41.98,40.89,3.71,-8.69,-20.60,0.58
82377.25,245.25,-9999,-9999,-9999,22.37,22.83,-9999,-9999,-9999,-9999,-9999,-8.68,-20.62,-9999
82377.50,245.50,1014.93,5.43,88.61,22.39,22.75,33.89,-77.81,36.67,35.61,3.71,-8.66,-20.65,0.39
82377.75,245.75,-9999,-9999,-9999,22.41,22.64,-9999,-9999,-9999,-9999,-9999,-8.63,-20.69,-9999
82378.00,246.00,1015.60,5.50,88.17,22.44,22.51,33.89,-77.81,31.19,30.09,3.71,-8.59,-20.73,0.18
82378.25,246.25,-9999,-9999,-9999,22.48,22.40,-9999,-9999,-9999,-9999,-9999,-8.57,-20.79,-9999
82378.50,246.50,1016.31,5.57,88.10,22.53,22.34,33.89,-77.81,25.54,24.36,3.76,-8.56,-20.84,0.03
82378.75,246.75,-9999,-9999,-9999,22.58,22.36,-9999,-9999,-9999,-9999,-9999,-8.59,-20.88,-9999
82379.00,247.00,1017.01,5.65,88.59,22.64,22.47,33.89,-77.81,19.84,18.41,3.92,-8.65,-20.92,-0.01
82379.25,247.25,-9999,-9999,-9999,22.70,22.65,-9999,-9999,-9999,-9999,-9999,-8.74,-20.94,-9999
82379.50,247.50,1017.71,5.75,89.68,22.76,22.88,33.89,-77.81,14.26,12.38,4.20,-8.85,-20.97,0.00
82379.75,247.75,-9999,-9999,-9999,22.82,23.12,-9999,-9999,-9999,-9999,-9999,-8.96,-20.99,-9999
82380.00,248.00,1018.39,5.87,91.11,-9999,-9999,-9999,-9999,8.79,-9999,4.54,-9999,-9999,0.00
82380.25,248.25,-9999,-9999,-9999,-9999,-9999,-9999,-9999,-9999,-9999,-9999,-9999,-9999,-9999
82380.50,248.50,1019.48,5.92,91.82,-9999,-9999,-9999,-9999,0.00,-9999,4.70,-9999,-9999,-9999
